(0.0|18.27734375)
(2.0|18.27734375)
(4.0|18.27734375)
(5.0|18.27734375)
(7.0|18.27734375)
(8.0|18.27734375)
(10.0|18.28125)
(11.0|18.28125)
(12.0|18.28125)
(14.0|18.2890625)
(16.0|18.2890625)
(18.0|18.2890625)
(20.0|18.6328125)
(21.0|18.6328125)
(23.0|18.6328125)
(25.0|18.6328125)
(26.0|18.6328125)
(27.0|18.6328125)
(29.0|18.6328125)
(31.0|18.6328125)
(32.0|18.63671875)
(33.0|18.640625)
(35.0|18.640625)
(36.0|18.640625)
(38.0|18.64453125)
(39.0|18.64453125)
(41.0|18.64453125)
(42.0|18.64453125)
(44.0|18.64453125)
(46.0|18.64453125)
(47.0|18.64453125)
(49.0|18.6484375)
(50.0|18.65234375)
(52.0|18.65234375)
(53.0|18.65234375)
(55.0|18.65234375)
(56.0|18.65234375)
(58.0|18.65234375)
(60.0|18.65234375)
(62.0|18.65234375)
(63.0|18.65234375)
(65.0|18.66015625)
(66.0|18.66015625)
(68.0|18.66015625)
(69.0|18.78515625)
(70.0|18.6640625)
(72.0|18.66796875)
(73.0|18.66796875)
(74.0|18.66796875)
(76.0|18.66796875)
(78.0|18.66796875)
(79.0|18.66796875)
(81.0|18.66796875)
(83.0|18.66796875)
(84.0|18.671875)
(85.0|18.671875)
(87.0|18.671875)
(88.0|18.671875)
(90.0|18.671875)
(92.0|18.671875)
(93.0|18.671875)
(95.0|18.671875)
(96.0|18.671875)
(98.0|18.671875)
(99.0|18.671875)
(101.0|18.671875)
(103.0|18.671875)
(104.0|18.796875)
(106.0|18.67578125)
(107.0|18.67578125)
(109.0|18.67578125)
(111.0|18.67578125)
(112.0|18.67578125)
(113.0|18.67578125)
(115.0|18.67578125)
(116.0|18.6796875)
(118.0|18.6796875)
(120.0|18.6796875)
(122.0|18.6796875)
(123.0|18.6796875)
(124.0|18.6796875)
(126.0|18.6796875)
(127.0|18.6796875)
(128.0|18.6796875)
(130.0|18.6796875)
(132.0|18.6796875)
(133.0|18.6796875)
(135.0|18.68359375)
(137.0|18.68359375)
(138.0|18.68359375)
(140.0|18.68359375)
(141.0|18.68359375)
(143.0|18.68359375)
(144.0|18.68359375)
(145.0|18.68359375)
(146.0|18.68359375)
(147.0|18.68359375)
(148.0|18.6875)
(150.0|18.6875)
(151.0|18.6875)
(152.0|18.6875)
(154.0|18.8515625)
(155.0|18.83984375)
(156.0|18.83984375)
(157.0|18.83984375)
(159.0|18.83984375)
(160.0|18.83984375)
(162.0|18.83984375)
(163.0|18.83984375)
(165.0|18.84375)
(166.0|18.84375)
(167.0|18.84375)
(169.0|18.84375)
(170.0|18.84375)
(172.0|18.84375)
(173.0|18.84375)
(174.0|18.96875)
(176.0|18.84765625)
(177.0|18.84765625)
(179.0|18.84765625)
(181.0|18.84765625)
(182.0|18.84765625)
(183.0|18.84765625)
(185.0|18.84765625)
(186.0|18.8515625)
(188.0|18.85546875)
(189.0|18.85546875)
(191.0|18.859375)
(193.0|18.859375)
(194.0|18.859375)
(195.0|18.859375)
(197.0|18.859375)
(198.0|18.859375)
(199.0|18.859375)
(201.0|18.859375)
(202.0|18.859375)
(203.0|18.859375)
(205.0|18.859375)
(206.0|18.86328125)
(208.0|18.86328125)
(209.0|18.8671875)
(211.0|18.8671875)
(212.0|18.8671875)
(213.0|18.8671875)
(215.0|18.8671875)
(217.0|18.8671875)
(218.0|18.8671875)
(219.0|18.8671875)
(220.0|18.8671875)
(222.0|18.8671875)
(224.0|18.87109375)
(226.0|18.87109375)
(227.0|18.87109375)
(228.0|18.87109375)
(230.0|18.87109375)
(232.0|18.87109375)
(234.0|18.87109375)
(235.0|18.87109375)
(237.0|18.875)
(239.0|18.875)
(240.0|18.875)
(242.0|18.875)
(243.0|18.875)
(245.0|18.8828125)
(246.0|18.8828125)
(248.0|18.8828125)
(250.0|18.8828125)
(251.0|18.8828125)
(253.0|18.8828125)
(255.0|18.8828125)
(256.0|18.8828125)
(258.0|18.8828125)
(260.0|18.8828125)
(261.0|18.88671875)
(263.0|18.88671875)
(264.0|18.89453125)
(265.0|18.89453125)
(267.0|18.89453125)
(268.0|18.89453125)
(270.0|18.89453125)
(272.0|18.89453125)
(273.0|18.89453125)
(275.0|18.89453125)
(276.0|18.89453125)
(278.0|18.89453125)
(279.0|18.89453125)
(281.0|18.89453125)
(282.0|18.89453125)
(284.0|18.89453125)
(285.0|18.95703125)
(287.0|18.89453125)
(288.0|18.89453125)
(290.0|18.89453125)
(292.0|18.89453125)
(293.0|18.8984375)
(295.0|18.8984375)
(296.0|18.8984375)
(298.0|19.0234375)
(299.0|19.02734375)
(301.0|18.90625)
(302.0|18.90625)
(303.0|18.90625)
(305.0|18.90625)
(306.0|18.90625)
(308.0|18.90625)
(309.0|19.03515625)
(311.0|18.9140625)
(312.0|18.9140625)
(313.0|18.9140625)
(315.0|18.9140625)
(316.0|18.9140625)
(318.0|18.9140625)
(320.0|18.9140625)
(321.0|18.9140625)
(322.0|18.9140625)
(323.0|18.9140625)
(325.0|18.91796875)
(326.0|18.91796875)
(328.0|18.91796875)
(329.0|18.91796875)
(331.0|18.91796875)
(332.0|18.91796875)
(334.0|18.91796875)
(335.0|18.91796875)
(337.0|18.91796875)
(338.0|18.91796875)
(339.0|18.91796875)
(341.0|18.91796875)
(342.0|18.91796875)
(343.0|18.91796875)
(345.0|18.91796875)
(347.0|18.91796875)
(348.0|18.91796875)
(350.0|18.91796875)
(352.0|18.91796875)
(353.0|18.91796875)
(354.0|18.921875)
(356.0|18.921875)
(358.0|18.921875)
(359.0|18.921875)
(360.0|18.921875)
(361.0|18.921875)
(363.0|18.921875)
(364.0|18.921875)
(366.0|18.921875)
(367.0|18.92578125)
(369.0|18.9296875)
(371.0|18.9296875)
(372.0|18.9296875)
(374.0|18.9296875)
(375.0|18.9296875)
(376.0|18.9296875)
(378.0|18.9296875)
(379.0|18.9296875)
(380.0|18.9296875)
(382.0|18.9296875)
(383.0|18.9296875)
(384.0|18.9296875)
(386.0|18.9296875)
(388.0|18.9296875)
(390.0|18.9296875)
(391.0|18.9296875)
(393.0|18.9296875)
(394.0|18.9296875)
(396.0|18.93359375)
(398.0|19.05859375)
(399.0|18.9375)
(401.0|18.9375)
(402.0|18.9375)
(404.0|18.9375)
(405.0|18.9375)
(406.0|18.9375)
(408.0|18.9375)
(410.0|18.9375)
(411.0|18.9375)
(413.0|18.9375)
(415.0|18.9375)
(416.0|18.9375)
(418.0|18.94140625)
(419.0|18.94140625)
(420.0|18.94921875)
(421.0|18.94921875)
(423.0|18.94921875)
(424.0|19.07421875)
(426.0|18.953125)
(428.0|18.953125)
(429.0|18.953125)
(431.0|18.953125)
(433.0|18.953125)
(434.0|18.953125)
(435.0|18.953125)
(436.0|18.953125)
(438.0|18.953125)
(440.0|18.95703125)
(441.0|18.95703125)
(443.0|19.08203125)
(444.0|18.9609375)
(446.0|18.9609375)
(448.0|18.9609375)
(450.0|18.9609375)
(451.0|18.9609375)
(453.0|18.9609375)
(454.0|18.9609375)
(456.0|18.9609375)
(457.0|18.9609375)
(459.0|18.9609375)
(461.0|18.9609375)
(462.0|18.9609375)
(463.0|18.9609375)
(465.0|18.8125)
(466.0|18.9140625)
(468.0|18.79296875)
(470.0|18.79296875)
(471.0|18.79296875)
(473.0|18.79296875)
(474.0|18.80078125)
(476.0|18.80078125)
(477.0|18.8046875)
(478.0|18.8046875)
(479.0|18.8046875)
(481.0|18.8046875)
(482.0|18.8046875)
(484.0|18.8046875)
(485.0|18.8046875)
(487.0|18.8046875)
(488.0|18.8046875)
(490.0|18.8046875)
(492.0|18.8046875)
(494.0|18.8046875)
(495.0|18.8046875)
(496.0|18.8046875)
(497.0|18.8046875)
(499.0|18.8046875)
(500.0|18.8046875)
(502.0|18.8046875)
(504.0|18.8046875)
(505.0|18.8046875)
(506.0|18.8046875)
(508.0|18.8046875)
(509.0|18.8671875)
(511.0|18.8671875)
(512.0|18.8671875)
(513.0|18.8671875)
(515.0|18.8671875)
(517.0|18.8671875)
(518.0|18.8671875)
(519.0|18.8671875)
(521.0|18.8671875)
(522.0|18.8671875)
(524.0|18.8671875)
(526.0|19.03125)
(527.0|18.9765625)
(528.0|18.9765625)
(530.0|18.9765625)
(531.0|18.9765625)
(533.0|18.9765625)
(535.0|19.1015625)
(536.0|18.98046875)
(538.0|18.98046875)
(540.0|18.98046875)
(541.0|18.98046875)
(543.0|18.98046875)
(545.0|18.984375)
(547.0|18.984375)
(549.0|18.984375)
(550.0|18.984375)
(551.0|18.984375)
(553.0|18.984375)
(555.0|18.984375)
(556.0|18.984375)
(558.0|18.984375)
(559.0|18.984375)
(560.0|18.984375)
(562.0|18.984375)
(563.0|18.98828125)
(564.0|18.98828125)
(566.0|18.98828125)
(567.0|18.98828125)
(569.0|18.98828125)
(570.0|18.98828125)
(572.0|18.98828125)
(574.0|18.98828125)
(575.0|18.98828125)
(577.0|18.9921875)
(578.0|18.9921875)
(579.0|18.9921875)
(581.0|19.0)
(582.0|19.0)
(583.0|19.0)
(585.0|19.0)
(587.0|19.0)
(589.0|19.0)
(591.0|19.0)
(592.0|19.0)
(594.0|19.0)
(595.0|19.0)
(596.0|19.0)
(598.0|19.00390625)
(599.0|19.00390625)
(600.0|19.00390625)
(602.0|19.00390625)
(603.0|19.00390625)
(605.0|19.0078125)
(606.0|19.0078125)
(608.0|19.0078125)
(610.0|19.0078125)
(612.0|19.0078125)
(613.0|19.01171875)
(614.0|19.01171875)
(616.0|18.89453125)
(617.0|18.89453125)
(619.0|18.89453125)
(621.0|18.8984375)
(622.0|18.8984375)
(623.0|18.8984375)
(625.0|18.8984375)
(626.0|18.8984375)
(628.0|19.0234375)
(630.0|18.90234375)
(631.0|18.90234375)
(632.0|18.90234375)
(634.0|18.90234375)
(635.0|18.90234375)
(637.0|18.90625)
(639.0|18.90625)
(640.0|18.90625)
(642.0|18.90625)
(643.0|18.90625)
(644.0|18.90625)
(645.0|18.90625)
(647.0|18.90625)
(649.0|18.90625)
(651.0|18.90625)
(652.0|18.90625)
(654.0|18.90625)
(655.0|18.90625)
(657.0|18.90625)
(658.0|18.90625)
(660.0|18.90625)
(662.0|18.90625)
(663.0|18.91015625)
(665.0|18.91015625)
(666.0|18.91015625)
(667.0|18.91015625)
(668.0|18.91015625)
(669.0|18.91015625)
(671.0|18.91015625)
(672.0|18.91015625)
(673.0|18.91015625)
(675.0|18.91015625)
(676.0|18.91015625)
(678.0|18.91015625)
(679.0|18.91015625)
(681.0|18.91015625)
(682.0|18.91015625)
(684.0|18.91015625)
(685.0|18.91015625)
(686.0|18.91015625)
(687.0|18.91015625)
(689.0|18.91015625)
(690.0|18.91015625)
(691.0|18.91015625)
(693.0|18.91015625)
(694.0|18.91015625)
(695.0|18.91015625)
(697.0|18.91015625)
(698.0|18.91015625)
(700.0|18.91015625)
(701.0|18.91015625)
(702.0|18.91015625)
(704.0|18.91015625)
(705.0|18.98828125)
(707.0|18.91015625)
(709.0|19.03515625)
(710.0|18.9140625)
(712.0|18.9140625)
(713.0|18.9140625)
(715.0|18.921875)
(717.0|18.921875)
(718.0|18.921875)
(720.0|18.921875)
(722.0|18.921875)
(724.0|18.921875)
(725.0|18.921875)
(727.0|18.921875)
(728.0|18.921875)
(729.0|18.921875)
(731.0|18.921875)
(732.0|18.921875)
(734.0|18.921875)
(735.0|18.921875)
(737.0|18.92578125)
(738.0|18.92578125)
(740.0|18.92578125)
(742.0|18.92578125)
(744.0|18.92578125)
(745.0|18.92578125)
(747.0|18.92578125)
(748.0|18.92578125)
(750.0|18.9296875)
(751.0|18.9296875)
(752.0|18.9296875)
(754.0|18.9296875)
(756.0|18.9296875)
(758.0|18.9296875)
(759.0|18.9296875)
(760.0|18.9296875)
(762.0|19.0546875)
(764.0|18.93359375)
(765.0|18.99609375)
(767.0|18.93359375)
(768.0|18.93359375)
(769.0|18.93359375)
(770.0|18.93359375)
(772.0|18.93359375)
(774.0|18.93359375)
(775.0|18.93359375)
(776.0|18.93359375)
(778.0|18.93359375)
(779.0|18.93359375)
(780.0|18.93359375)
(781.0|18.93359375)
(783.0|18.93359375)
(784.0|18.93359375)
(786.0|18.93359375)
(787.0|18.93359375)
(789.0|18.93359375)
(790.0|18.93359375)
(792.0|18.93359375)
(794.0|18.93359375)
(795.0|18.93359375)
(797.0|18.93359375)
(798.0|18.93359375)
(800.0|18.93359375)
(802.0|18.93359375)
(803.0|18.93359375)
(805.0|18.93359375)
(807.0|18.93359375)
(808.0|18.93359375)
(809.0|18.93359375)
(810.0|18.93359375)
(812.0|18.93359375)
(813.0|18.93359375)
(815.0|18.93359375)
(816.0|18.93359375)
(818.0|18.93359375)
(819.0|18.93359375)
(821.0|18.93359375)
(822.0|18.93359375)
(824.0|18.93359375)
(826.0|18.9375)
(827.0|18.9375)
(828.0|18.9375)
(829.0|18.9375)
(831.0|18.9375)
(832.0|18.9375)
(834.0|18.9375)
(836.0|18.9375)
(837.0|18.9375)
(838.0|18.9375)
(840.0|18.9375)
(841.0|18.9375)
(842.0|18.9375)
(843.0|18.9375)
(845.0|18.9375)
(847.0|18.9375)
(848.0|18.9375)
(850.0|18.94140625)
(852.0|18.94140625)
(853.0|18.9453125)
(855.0|18.9453125)
(856.0|18.9453125)
(858.0|18.9453125)
(860.0|18.9453125)
(862.0|18.9453125)
(863.0|18.9453125)
(864.0|18.9453125)
(866.0|18.9453125)
(867.0|18.9453125)
(869.0|18.9453125)
(870.0|18.9453125)
(871.0|18.9453125)
(873.0|18.9453125)
(874.0|18.9453125)
(875.0|18.9453125)
(877.0|18.9453125)
(879.0|18.9453125)
(881.0|18.9453125)
(882.0|18.9453125)
(883.0|18.9453125)
(885.0|19.06640625)
(886.0|18.94921875)
(888.0|18.9453125)
(889.0|18.9453125)
(891.0|18.9453125)
(893.0|18.9453125)
(894.0|18.9453125)
(895.0|18.9453125)
(897.0|18.9453125)
(898.0|18.9453125)
(900.0|18.9453125)
(901.0|18.9453125)
(903.0|18.9453125)
(904.0|19.0703125)
(906.0|18.953125)
(907.0|18.953125)
(909.0|18.953125)
(911.0|18.953125)
(912.0|18.953125)
(913.0|18.953125)
(914.0|18.953125)
(916.0|18.953125)
(918.0|18.953125)
(919.0|18.953125)
(921.0|18.953125)
(922.0|18.953125)
(923.0|18.95703125)
(924.0|18.95703125)
(926.0|18.9609375)
(928.0|18.9609375)
(930.0|18.9609375)
(931.0|18.9609375)
(932.0|18.9609375)
(933.0|18.9609375)
(935.0|18.9609375)
(937.0|18.9609375)
(938.0|18.9609375)
(940.0|18.9609375)
(941.0|19.0859375)
(942.0|18.96484375)
(943.0|18.96484375)
(945.0|18.96875)
(946.0|18.97265625)
(948.0|18.97265625)
(950.0|19.09765625)
(951.0|18.9765625)
(953.0|18.9765625)
(954.0|18.9765625)
(955.0|18.9765625)
(957.0|18.9765625)
(959.0|18.98046875)
(960.0|18.98046875)
(962.0|18.98046875)
(963.0|18.98046875)
(965.0|18.98046875)
(967.0|19.10546875)
(968.0|18.984375)
(969.0|18.98828125)
(970.0|18.98828125)
(972.0|18.98828125)
(973.0|18.98828125)
(974.0|18.98828125)
(976.0|18.98828125)
(977.0|18.98828125)
(979.0|18.98828125)
(980.0|18.98828125)
(981.0|18.98828125)
(983.0|18.98828125)
(984.0|18.98828125)
(986.0|18.98828125)
(987.0|18.98828125)
(989.0|18.98828125)
(991.0|18.98828125)
(992.0|18.98828125)
(993.0|18.98828125)
(994.0|18.98828125)
(996.0|18.98828125)
(998.0|18.98828125)
(999.0|18.98828125)
(1001.0|18.98828125)
(1002.0|18.98828125)
(1004.0|18.98828125)
(1005.0|19.11328125)
(1006.0|18.9921875)
(1007.0|18.9921875)
(1009.0|18.9921875)
(1010.0|18.9921875)
(1012.0|18.9921875)
(1013.0|18.9921875)
(1015.0|18.9921875)
(1016.0|18.9921875)
(1018.0|18.9921875)
(1020.0|18.9921875)
(1022.0|18.9921875)
(1023.0|18.9921875)
(1025.0|18.9921875)
(1027.0|18.9921875)
(1029.0|18.9921875)
(1030.0|18.9921875)
(1031.0|18.9921875)
(1033.0|18.9921875)
(1034.0|18.9921875)
(1036.0|18.9921875)
(1037.0|18.9921875)
(1039.0|18.9921875)
(1040.0|18.9921875)
(1042.0|18.9921875)
(1043.0|18.9921875)
(1045.0|18.9921875)
(1046.0|18.9921875)
(1048.0|18.9921875)
(1050.0|18.9921875)
(1052.0|18.9921875)
(1053.0|18.9921875)
(1055.0|18.9921875)
(1056.0|18.9921875)
(1057.0|18.9921875)
(1058.0|18.9921875)
(1060.0|19.1171875)
(1061.0|18.99609375)
(1063.0|18.99609375)
(1064.0|18.99609375)
(1066.0|18.80078125)
(1068.0|18.80078125)
(1069.0|18.80078125)
(1070.0|18.80078125)
(1072.0|18.80078125)
(1073.0|18.80078125)
(1075.0|18.80078125)
(1076.0|18.80078125)
(1077.0|18.8046875)
(1079.0|18.8046875)
(1080.0|18.8046875)
(1082.0|18.8046875)
(1083.0|18.8046875)
(1085.0|18.8046875)
(1086.0|18.9296875)
(1088.0|18.9296875)
(1089.0|18.9296875)
(1090.0|18.80859375)
(1092.0|18.80859375)
(1094.0|18.80859375)
(1095.0|18.80859375)
(1096.0|18.80859375)
(1097.0|18.80859375)
(1099.0|18.80859375)
(1100.0|18.80859375)
(1102.0|18.80859375)
(1104.0|18.80859375)
(1105.0|18.80859375)
(1106.0|18.80859375)
(1107.0|18.80859375)
(1108.0|18.80859375)
(1110.0|18.80859375)
(1112.0|18.80859375)
(1113.0|18.80859375)
(1115.0|18.80859375)
(1117.0|18.80859375)
(1118.0|18.80859375)
(1120.0|18.80859375)
(1121.0|18.80859375)
(1122.0|18.80859375)
(1123.0|18.80859375)
(1125.0|18.84375)
(1127.0|18.80859375)
(1128.0|18.80859375)
(1130.0|19.02734375)
(1131.0|19.16015625)
(1133.0|19.14453125)
(1134.0|19.14453125)
(1135.0|19.14453125)
(1136.0|19.14453125)
(1137.0|19.14453125)
(1139.0|19.14453125)
(1141.0|19.14453125)
(1143.0|19.14453125)
(1144.0|19.14453125)
(1145.0|19.14453125)
(1147.0|19.14453125)
(1148.0|19.14453125)
(1149.0|19.14453125)
(1150.0|19.14453125)
(1152.0|19.14453125)
(1154.0|19.14453125)
(1155.0|19.14453125)
(1157.0|19.14453125)
(1159.0|19.14453125)
(1160.0|19.14453125)
(1162.0|19.14453125)
(1163.0|19.14453125)
(1165.0|19.14453125)
(1166.0|19.14453125)
(1167.0|19.14453125)
(1168.0|19.14453125)
(1170.0|19.14453125)
(1171.0|19.14453125)
(1173.0|19.14453125)
(1175.0|19.14453125)
(1176.0|19.14453125)
(1177.0|19.14453125)
(1179.0|19.14453125)
(1180.0|19.14453125)
(1182.0|19.14453125)
(1183.0|19.14453125)
(1185.0|19.25390625)
(1186.0|19.14453125)
(1188.0|19.14453125)
(1189.0|19.14453125)
(1190.0|19.14453125)
(1192.0|19.14453125)
(1193.0|19.14453125)
(1194.0|19.14453125)
(1196.0|19.14453125)
(1197.0|19.14453125)
(1199.0|19.14453125)
(1201.0|19.14453125)
(1202.0|19.14453125)
(1204.0|19.1484375)
(1206.0|19.1484375)
(1207.0|19.1484375)
(1208.0|19.1484375)
(1210.0|19.1484375)
(1212.0|19.1484375)
(1214.0|19.1484375)
(1215.0|19.1484375)
(1216.0|19.1484375)
(1217.0|19.1484375)
(1219.0|19.1484375)
(1221.0|19.1484375)
(1222.0|19.1484375)
(1224.0|19.1484375)
(1225.0|19.1484375)
(1227.0|19.1484375)
(1228.0|19.1484375)
(1229.0|19.1484375)
(1231.0|19.15234375)
(1232.0|19.15234375)
(1234.0|19.15234375)
(1235.0|19.15234375)
(1237.0|19.15234375)
(1238.0|19.15234375)
(1239.0|19.15234375)
(1240.0|19.15234375)
(1242.0|19.15234375)
(1244.0|19.15234375)
(1245.0|19.15234375)
(1246.0|19.15234375)
(1248.0|19.15234375)
(1249.0|19.15625)
(1251.0|19.15625)
(1252.0|19.15625)
(1253.0|19.15625)
(1255.0|19.15625)
(1256.0|19.15625)
(1258.0|19.15625)
(1259.0|19.15625)
(1260.0|19.15625)
(1262.0|19.16015625)
(1264.0|19.16015625)
(1266.0|19.16015625)
(1267.0|19.16015625)
(1269.0|19.16015625)
(1270.0|19.1640625)
(1272.0|19.16796875)
(1273.0|19.16796875)
(1275.0|19.16796875)
(1276.0|19.16796875)
(1278.0|19.16796875)
(1279.0|19.16796875)
(1280.0|19.16796875)
(1282.0|19.16796875)
(1284.0|19.16796875)
(1285.0|19.16796875)
(1286.0|19.16796875)
(1287.0|19.16796875)
(1289.0|19.16796875)
(1291.0|19.16796875)
(1292.0|19.16796875)
(1293.0|19.16796875)
(1294.0|19.16796875)
(1295.0|19.16796875)
(1297.0|19.16796875)
(1298.0|19.16796875)
(1299.0|19.16796875)
(1300.0|19.16796875)
(1302.0|19.16796875)
(1303.0|19.16796875)
(1305.0|19.171875)
(1307.0|19.171875)
(1308.0|19.171875)
(1310.0|19.171875)
(1311.0|19.171875)
(1313.0|19.171875)
(1314.0|19.171875)
(1315.0|19.171875)
(1316.0|19.171875)
(1318.0|19.171875)
(1320.0|19.171875)
(1321.0|19.171875)
(1323.0|19.171875)
(1325.0|19.171875)
(1327.0|19.171875)
(1328.0|19.171875)
(1330.0|19.171875)
(1331.0|19.171875)
(1332.0|19.171875)
(1336.0|19.171875)
(1336.0|19.171875)
(1337.0|19.171875)
(1339.0|19.171875)
(1340.0|19.171875)
(1342.0|19.171875)
(1345.0|19.171875)
(1348.0|19.171875)
(1349.0|19.171875)
(1350.0|19.171875)
(1351.0|19.171875)
(1355.0|19.171875)
(1355.0|19.171875)
(1356.0|19.171875)
(1361.0|19.171875)
(1361.0|19.171875)
(1361.0|19.171875)
(1363.0|19.171875)
(1364.0|19.171875)
(1365.0|19.19140625)
(1366.0|19.171875)
(1367.0|19.17578125)
(1368.0|19.17578125)
(1371.0|19.17578125)
(1372.0|19.17578125)
(1374.0|19.17578125)
(1375.0|19.17578125)
(1376.0|19.1796875)
(1378.0|19.1796875)
(1379.0|19.1796875)
(1380.0|19.1796875)
(1381.0|19.1796875)
(1382.0|19.1796875)
(1384.0|19.1796875)
(1386.0|19.1796875)
(1387.0|19.1796875)
(1389.0|19.1796875)
(1391.0|19.1796875)
(1392.0|19.1796875)
(1393.0|19.18359375)
(1394.0|19.18359375)
(1395.0|19.18359375)
(1396.0|19.18359375)
(1398.0|19.18359375)
(1400.0|19.18359375)
(1401.0|19.18359375)
(1403.0|19.18359375)
(1405.0|19.18359375)
(1407.0|19.18359375)
(1409.0|19.18359375)
(1410.0|19.18359375)
(1411.0|19.18359375)
(1412.0|19.18359375)
(1414.0|19.18359375)
(1416.0|19.18359375)
(1417.0|19.18359375)
(1419.0|19.18359375)
(1421.0|19.18359375)
(1422.0|19.18359375)
(1424.0|19.18359375)
(1425.0|19.19140625)
(1427.0|19.19140625)
(1428.0|19.19140625)
(1430.0|19.19140625)
(1432.0|19.19140625)
(1433.0|19.19140625)
(1435.0|19.19140625)
(1437.0|19.19140625)
(1438.0|19.19140625)
(1440.0|19.19140625)
(1442.0|19.19140625)
(1443.0|19.19140625)
(1445.0|19.1953125)
(1447.0|19.1953125)
(1448.0|19.1953125)
(1449.0|19.19921875)
(1451.0|19.19921875)
(1453.0|19.19921875)
(1454.0|19.19921875)
(1455.0|19.19921875)
(1457.0|19.19921875)
(1458.0|19.19921875)
(1459.0|19.19921875)
(1461.0|19.19921875)
(1463.0|19.19921875)
(1464.0|19.19921875)
(1466.0|19.19921875)
(1467.0|19.19921875)
(1468.0|19.19921875)
(1470.0|19.19921875)
(1471.0|19.19921875)
(1472.0|19.19921875)
(1474.0|19.19921875)
(1475.0|19.19921875)
(1477.0|19.19921875)
(1478.0|19.19921875)
(1480.0|19.19921875)
(1482.0|19.203125)
(1484.0|19.203125)
(1486.0|19.203125)
(1487.0|19.203125)
(1489.0|19.203125)
(1491.0|19.203125)
(1493.0|19.203125)
(1494.0|19.203125)
(1495.0|19.203125)
(1497.0|19.203125)
(1499.0|19.203125)
(1500.0|19.20703125)
(1501.0|19.20703125)
(1503.0|19.20703125)
(1504.0|19.20703125)
(1506.0|19.20703125)
(1508.0|19.20703125)
(1510.0|19.20703125)
(1511.0|19.20703125)
(1513.0|19.20703125)
(1514.0|19.20703125)
(1516.0|19.20703125)
(1518.0|19.08984375)
(1520.0|19.08984375)
(1521.0|19.08984375)
(1522.0|19.08984375)
(1524.0|19.08984375)
(1526.0|19.08984375)
(1527.0|19.08984375)
(1529.0|19.08984375)
(1530.0|19.08984375)
(1532.0|19.08984375)
(1534.0|19.08984375)
(1535.0|19.08984375)
(1537.0|19.08984375)
(1539.0|19.08984375)
(1540.0|19.08984375)
(1541.0|19.08984375)
(1543.0|19.08984375)
(1544.0|19.08984375)
(1545.0|19.1640625)
(1547.0|19.08984375)
(1549.0|19.08984375)
(1550.0|19.08984375)
(1552.0|19.08984375)
(1553.0|19.08984375)
(1554.0|19.08984375)
(1556.0|19.08984375)
(1557.0|19.08984375)
(1558.0|19.08984375)
(1560.0|19.08984375)
(1561.0|19.08984375)
(1562.0|19.08984375)
(1563.0|19.08984375)
(1565.0|19.08984375)
(1567.0|19.09375)
(1568.0|19.09375)
(1569.0|19.09375)
(1571.0|19.09375)
(1572.0|19.09765625)
(1574.0|19.09765625)
(1575.0|19.09765625)
(1576.0|19.09765625)
(1578.0|19.09765625)
(1580.0|19.09765625)
(1582.0|19.09765625)
(1583.0|19.09765625)
(1584.0|19.09765625)
(1586.0|19.09765625)
(1588.0|19.09765625)
(1589.0|19.09765625)
(1590.0|19.09765625)
(1592.0|19.09765625)
(1594.0|19.09765625)
(1595.0|19.09765625)
(1596.0|19.09765625)
(1598.0|19.09765625)
(1601.0|19.09765625)
(1602.0|19.09765625)
(1602.0|19.09765625)
(1603.0|19.09765625)
(1605.0|19.09765625)
(1606.0|19.09765625)
(1608.0|19.09765625)
(1609.0|19.09765625)
(1611.0|19.09765625)
(1612.0|19.09765625)
(1614.0|19.09765625)
(1615.0|19.09765625)
(1617.0|19.09765625)
(1618.0|19.09765625)
(1620.0|19.09765625)
(1621.0|19.09765625)
(1622.0|19.09765625)
