(0.0|0.0)
(6.165228113440197E-4|0.0)
(0.0012330456226880395|0.0)
(0.002466091245376079|0.05442176870748299)
(0.0030826140567200987|0.05442176870748299)
(0.004315659679408138|0.10884353741496598)
(0.005548705302096177|0.21768707482993196)
(0.006165228113440197|0.21768707482993196)
(0.006781750924784217|0.21768707482993196)
(0.008014796547472256|0.21768707482993196)
(0.009247842170160296|0.21768707482993196)
(0.009864364981504316|0.21768707482993196)
(0.011097410604192354|0.21768707482993196)
(0.011713933415536375|0.21768707482993196)
(0.012330456226880395|0.21768707482993196)
(0.012946979038224414|0.272108843537415)
(0.013563501849568433|0.42857142857142855)
(0.014796547472256474|0.42857142857142855)
(0.016029593094944512|0.42857142857142855)
(0.016646115906288533|0.42857142857142855)
(0.017879161528976572|0.42857142857142855)
(0.01911220715166461|0.42857142857142855)
(0.020345252774352653|0.42857142857142855)
(0.02096177558569667|0.42857142857142855)
(0.02219482120838471|0.42857142857142855)
(0.02281134401972873|0.42857142857142855)
(0.02342786683107275|0.42857142857142855)
(0.02466091245376079|0.42857142857142855)
(0.02527743526510481|0.42857142857142855)
(0.02651048088779285|0.3656462585034014)
(0.027127003699136867|0.3656462585034014)
(0.02836004932182491|0.36394557823129253)
(0.028976572133168926|0.4064625850340136)
(0.03020961775585697|0.4064625850340136)
(0.030826140567200986|0.4064625850340136)
(0.031442663378545004|0.4064625850340136)
(0.032675709001233046|0.4064625850340136)
(0.03329223181257707|0.4064625850340136)
(0.03390875462392109|0.4064625850340136)
(0.03514180024660912|0.4064625850340136)
(0.035758323057953144|0.4064625850340136)
(0.036374845869297165|0.4064625850340136)
(0.036991368680641186|0.4064625850340136)
(0.03822441430332922|0.4064625850340136)
(0.03945745992601726|0.4064625850340136)
(0.040690505548705305|0.4064625850340136)
(0.04192355117139334|0.4064625850340136)
(0.04254007398273736|0.4064625850340136)
(0.043773119605425403|0.4064625850340136)
(0.04438964241676942|0.4064625850340136)
(0.04562268803945746|0.4064625850340136)
(0.0468557336621455|0.4064625850340136)
(0.047472256473489516|0.4064625850340136)
(0.04870530209617756|0.4064625850340136)
(0.04932182490752158|0.4064625850340136)
(0.05055487053020962|0.4064625850340136)
(0.051171393341553635|0.4064625850340136)
(0.051787916152897656|0.4064625850340136)
(0.05240443896424168|0.4064625850340136)
(0.05363748458692972|0.4064625850340136)
(0.05425400739827373|0.4064625850340136)
(0.055487053020961775|0.4064625850340136)
(0.056103575832305796|0.4064625850340136)
(0.05733662145499383|0.4064625850340136)
(0.058569667077681874|0.4064625850340136)
(0.059186189889025895|0.4064625850340136)
(0.059802712700369916|0.4064625850340136)
(0.06103575832305795|0.4064625850340136)
(0.06226880394574599|0.4064625850340136)
(0.06288532675709001|0.391156462585034)
(0.06411837237977805|0.391156462585034)
(0.06535141800246609|0.391156462585034)
(0.06658446362515413|0.4370748299319728)
(0.06720098643649815|0.4370748299319728)
(0.06843403205918619|0.4370748299319728)
(0.0690505548705302|0.4370748299319728)
(0.07028360049321825|0.4370748299319728)
(0.07151664611590629|0.4370748299319728)
(0.0721331689272503|0.4370748299319728)
(0.07336621454993834|0.4370748299319728)
(0.07398273736128237|0.4370748299319728)
(0.07459926017262639|0.4370748299319728)
(0.07583230579531443|0.4370748299319728)
(0.07644882860665844|0.4370748299319728)
(0.07706535141800247|0.4370748299319728)
(0.07829839704069051|0.4370748299319728)
(0.07891491985203453|0.4370748299319728)
(0.07953144266337854|0.4370748299319728)
(0.08076448828606658|0.4370748299319728)
(0.08138101109741061|0.4370748299319728)
(0.08261405672009864|0.4370748299319728)
(0.08323057953144267|0.4370748299319728)
(0.08384710234278668|0.4370748299319728)
(0.08508014796547472|0.4370748299319728)
(0.08631319358816276|0.4370748299319728)
(0.08754623921085081|0.4914965986394558)
(0.08877928483353884|0.7091836734693877)
(0.08939580764488286|0.7091836734693877)
(0.09001233045622688|0.7091836734693877)
(0.09124537607891492|0.7091836734693877)
(0.09186189889025893|0.7091836734693877)
(0.09309494451294698|0.7091836734693877)
(0.093711467324291|0.7091836734693877)
(0.09494451294697903|0.7091836734693877)
(0.09617755856966707|0.7091836734693877)
(0.09741060419235512|0.7091836734693877)
(0.09802712700369914|0.7091836734693877)
(0.09926017262638717|0.7091836734693877)
(0.0998766954377312|0.7040816326530612)
(0.10110974106041924|0.7040816326530612)
(0.10172626387176326|0.7040816326530612)
(0.1029593094944513|0.7380952380952381)
(0.10419235511713934|0.7380952380952381)
(0.10542540073982737|0.7380952380952381)
(0.1060419235511714|0.7380952380952381)
(0.10727496917385944|0.7380952380952381)
(0.10850801479654747|0.7380952380952381)
(0.1091245376078915|0.7380952380952381)
(0.10974106041923551|0.7380952380952381)
(0.11097410604192355|0.7380952380952381)
(0.11220715166461159|0.7380952380952381)
(0.11282367447595561|0.7380952380952381)
(0.11405672009864365|0.7380952380952381)
(0.11528976572133169|0.7380952380952381)
(0.1159062885326757|0.7380952380952381)
(0.11713933415536375|0.7380952380952381)
(0.11775585696670776|0.7380952380952381)
(0.1189889025893958|0.7380952380952381)
(0.11960542540073983|0.7380952380952381)
(0.12022194821208385|0.7380952380952381)
(0.12145499383477189|0.7380952380952381)
(0.1220715166461159|0.7380952380952381)
(0.12330456226880394|0.7380952380952381)
(0.12392108508014797|0.7380952380952381)
(0.12515413070283601|0.7380952380952381)
(0.12638717632552404|0.7380952380952381)
(0.12762022194821207|0.7380952380952381)
(0.1282367447595561|0.7380952380952381)
(0.12946979038224415|0.7380952380952381)
(0.13070283600493218|0.7380952380952381)
(0.1319358816276202|0.7074829931972789)
(0.13255240443896424|0.7619047619047619)
(0.13316892725030827|0.7619047619047619)
(0.1344019728729963|0.7619047619047619)
(0.13501849568434032|0.7619047619047619)
(0.13563501849568435|0.7619047619047619)
(0.13625154130702835|0.7619047619047619)
(0.1374845869297164|0.7465986394557823)
(0.13871763255240444|0.7465986394557823)
(0.13933415536374846|0.7465986394557823)
(0.1405672009864365|0.7278911564625851)
(0.14118372379778052|0.7278911564625851)
(0.14180024660912455|0.7278911564625851)
(0.14303329223181258|0.7278911564625851)
(0.1436498150431566|0.7278911564625851)
(0.1442663378545006|0.7142857142857143)
(0.14549938347718866|0.7142857142857143)
(0.1461159062885327|0.7142857142857143)
(0.1467324290998767|0.7142857142857143)
(0.14796547472256474|0.7142857142857143)
(0.14919852034525277|0.7142857142857143)
(0.1498150431565968|0.7142857142857143)
(0.15104808877928483|0.7687074829931972)
(0.15228113440197288|0.7687074829931972)
(0.15289765721331688|0.7687074829931972)
(0.15413070283600494|0.7687074829931972)
(0.15474722564734894|0.7687074829931972)
(0.155980271270037|0.7687074829931972)
(0.15659679408138102|0.7687074829931972)
(0.15721331689272502|0.7687074829931972)
(0.15844636251541308|0.7687074829931972)
(0.1596794081381011|0.7687074829931972)
(0.16029593094944514|0.7687074829931972)
(0.16152897657213316|0.7687074829931972)
(0.1621454993834772|0.7687074829931972)
(0.16276202219482122|0.7687074829931972)
(0.16399506781750925|0.7687074829931972)
(0.16461159062885328|0.7687074829931972)
(0.16522811344019728|0.7687074829931972)
(0.16646115906288533|0.7687074829931972)
(0.16769420468557336|0.7687074829931972)
(0.16892725030826142|0.7687074829931972)
(0.16954377311960542|0.7687074829931972)
(0.17077681874229347|0.7687074829931972)
(0.17139334155363747|0.7687074829931972)
(0.1720098643649815|0.7687074829931972)
(0.17324290998766953|0.7687074829931972)
(0.17447595561035759|0.7482993197278912)
(0.17509247842170161|0.7482993197278912)
(0.17570900123304561|0.7482993197278912)
(0.17694204685573367|0.7380952380952381)
(0.1781750924784217|0.7380952380952381)
(0.17879161528976573|0.7380952380952381)
(0.18002466091245375|0.7380952380952381)
(0.18064118372379778|0.7380952380952381)
(0.1818742293464858|0.7380952380952381)
(0.18249075215782984|0.7380952380952381)
(0.18310727496917387|0.7380952380952381)
(0.1843403205918619|0.7380952380952381)
(0.18557336621454995|0.7380952380952381)
(0.18618988902589395|0.7380952380952381)
(0.187422934648582|0.7380952380952381)
(0.188039457459926|0.7380952380952381)
(0.18927250308261406|0.7380952380952381)
(0.18988902589395806|0.7380952380952381)
(0.19112207151664612|0.7380952380952381)
(0.19173859432799015|0.7380952380952381)
(0.19235511713933415|0.7380952380952381)
(0.1935881627620222|0.7380952380952381)
(0.1942046855733662|0.7380952380952381)
(0.19543773119605426|0.7380952380952381)
(0.1966707768187423|0.7380952380952381)
(0.19790382244143034|0.7380952380952381)
(0.19913686806411837|0.7380952380952381)
(0.1997533908754624|0.7380952380952381)
(0.2003699136868064|0.7380952380952381)
(0.20160295930949446|0.7380952380952381)
(0.20221948212083848|0.7380952380952381)
(0.20283600493218248|0.7380952380952381)
(0.20406905055487054|0.7380952380952381)
(0.20530209617755857|0.7380952380952381)
(0.2065351418002466|0.7380952380952381)
(0.20776818742293465|0.7380952380952381)
(0.20838471023427868|0.7380952380952381)
(0.20900123304562268|0.7380952380952381)
(0.21023427866831074|0.7380952380952381)
(0.21085080147965474|0.7329931972789115)
(0.21146732429099876|0.7329931972789115)
(0.2127003699136868|0.7329931972789115)
(0.21393341553637485|0.7329931972789115)
(0.21454993834771888|0.7789115646258503)
(0.21516646115906288|0.7789115646258503)
(0.21639950678175093|0.7789115646258503)
(0.21701602959309493|0.7789115646258503)
(0.218249075215783|0.7789115646258503)
(0.21948212083847102|0.7789115646258503)
(0.22009864364981505|0.7789115646258503)
(0.22133168927250307|0.7789115646258503)
(0.22256473489519113|0.7789115646258503)
(0.22318125770653513|0.7789115646258503)
(0.22441430332922319|0.7789115646258503)
(0.22503082614056721|0.7789115646258503)
(0.22564734895191121|0.7789115646258503)
(0.22688039457459927|0.7789115646258503)
(0.22749691738594327|0.7789115646258503)
(0.2281134401972873|0.7789115646258503)
(0.22934648581997533|0.7789115646258503)
(0.23057953144266338|0.7789115646258503)
(0.2311960542540074|0.7789115646258503)
(0.2318125770653514|0.7789115646258503)
(0.23304562268803947|0.7789115646258503)
(0.2342786683107275|0.7789115646258503)
(0.23489519112207152|0.7789115646258503)
(0.23612823674475955|0.7789115646258503)
(0.2373612823674476|0.7789115646258503)
(0.2379778051787916|0.7789115646258503)
(0.23859432799013564|0.7789115646258503)
(0.23982737361282366|0.7789115646258503)
(0.2404438964241677|0.7789115646258503)
(0.24167694204685575|0.7789115646258503)
(0.24229346485819975|0.7789115646258503)
(0.2435265104808878|0.7789115646258503)
(0.24475955610357583|0.7789115646258503)
(0.24537607891491986|0.7789115646258503)
(0.24599260172626386|0.7789115646258503)
(0.2466091245376079|0.7789115646258503)
(0.24784217016029594|0.7789115646258503)
(0.24845869297163994|0.7227891156462585)
(0.24907521578298397|0.7227891156462585)
(0.25030826140567203|0.7772108843537415)
(0.25092478421701603|0.8095238095238095)
(0.2521578298397041|0.8095238095238095)
(0.2533908754623921|0.8095238095238095)
(0.25400739827373614|0.8095238095238095)
(0.25524044389642414|0.8095238095238095)
(0.2558569667077682|0.8095238095238095)
(0.25709001233045625|0.8095238095238095)
(0.25832305795314425|0.8095238095238095)
(0.2589395807644883|0.8095238095238095)
(0.2601726263871763|0.8095238095238095)
(0.26078914919852036|0.8095238095238095)
(0.26202219482120837|0.8095238095238095)
(0.2632552404438964|0.8095238095238095)
(0.2638717632552404|0.8095238095238095)
(0.2651048088779285|0.8095238095238095)
(0.2657213316892725|0.8095238095238095)
(0.26633785450061653|0.8095238095238095)
(0.2675709001233046|0.8095238095238095)
(0.2681874229346486|0.8095238095238095)
(0.2688039457459926|0.8095238095238095)
(0.26942046855733665|0.8095238095238095)
(0.27065351418002465|0.8095238095238095)
(0.2712700369913687|0.8095238095238095)
(0.2725030826140567|0.8095238095238095)
(0.27311960542540076|0.8095238095238095)
(0.27435265104808876|0.8095238095238095)
(0.2749691738594328|0.8095238095238095)
(0.2762022194821208|0.8095238095238095)
(0.27681874229346487|0.8095238095238095)
(0.27805178791615287|0.8095238095238095)
(0.2792848335388409|0.8095238095238095)
(0.280517879161529|0.8095238095238095)
(0.281134401972873|0.8095238095238095)
(0.28236744759556104|0.8095238095238095)
(0.2836004932182491|0.8095238095238095)
(0.2842170160295931|0.8095238095238095)
(0.28545006165228115|0.7534013605442177)
(0.28668310727496915|0.7534013605442177)
(0.2879161528976572|0.7891156462585034)
(0.2885326757090012|0.7397959183673469)
(0.28914919852034526|0.7397959183673469)
(0.2903822441430333|0.7397959183673469)
(0.2909987669543773|0.7397959183673469)
(0.2922318125770654|0.7397959183673469)
(0.2934648581997534|0.7397959183673469)
(0.29408138101109743|0.7397959183673469)
(0.29531442663378543|0.7397959183673469)
(0.2959309494451295|0.7397959183673469)
(0.2971639950678175|0.7397959183673469)
(0.29778051787916154|0.7397959183673469)
(0.29901356350184954|0.7397959183673469)
(0.2996300863131936|0.7397959183673469)
(0.3002466091245376|0.7397959183673469)
(0.30147965474722566|0.7397959183673469)
(0.30209617755856966|0.7397959183673469)
(0.3033292231812577|0.7397959183673469)
(0.3039457459926017|0.7397959183673469)
(0.30517879161528977|0.7397959183673469)
(0.30579531442663377|0.7397959183673469)
(0.3064118372379778|0.7397959183673469)
(0.3076448828606658|0.7397959183673469)
(0.3082614056720099|0.7397959183673469)
(0.3094944512946979|0.7397959183673469)
(0.31072749691738594|0.7397959183673469)
(0.31134401972872994|0.7397959183673469)
(0.312577065351418|0.7397959183673469)
(0.31319358816276205|0.7397959183673469)
(0.31381011097410605|0.7397959183673469)
(0.3150431565967941|0.7397959183673469)
(0.3156596794081381|0.7397959183673469)
(0.3162762022194821|0.7397959183673469)
(0.31750924784217016|0.7397959183673469)
(0.31812577065351416|0.7397959183673469)
(0.3193588162762022|0.7397959183673469)
(0.3199753390875462|0.7397959183673469)
(0.3212083847102343|0.7397959183673469)
(0.3218249075215783|0.7755102040816326)
(0.32305795314426633|0.7755102040816326)
(0.32367447595561033|0.7755102040816326)
(0.3249075215782984|0.7687074829931972)
(0.32552404438964244|0.7687074829931972)
(0.32675709001233044|0.7687074829931972)
(0.3279901356350185|0.7687074829931972)
(0.32922318125770655|0.8231292517006803)
(0.32983970406905055|0.8231292517006803)
(0.3310727496917386|0.8231292517006803)
(0.3323057953144266|0.8231292517006803)
(0.33353884093711467|0.8231292517006803)
(0.3347718865598027|0.8231292517006803)
(0.3353884093711467|0.8231292517006803)
(0.3360049321824908|0.8231292517006803)
(0.3372379778051788|0.8231292517006803)
(0.33785450061652283|0.8231292517006803)
(0.33908754623921084|0.8231292517006803)
(0.3403205918618989|0.8231292517006803)
(0.3409371146732429|0.8231292517006803)
(0.34217016029593095|0.8231292517006803)
(0.34278668310727495|0.8231292517006803)
(0.344019728729963|0.8231292517006803)
(0.344636251541307|0.8231292517006803)
(0.34586929716399506|0.8231292517006803)
(0.34648581997533906|0.8231292517006803)
(0.3477188655980271|0.8231292517006803)
(0.34833538840937117|0.8231292517006803)
(0.34956843403205917|0.8231292517006803)
(0.35018495684340323|0.8231292517006803)
(0.35080147965474723|0.8231292517006803)
(0.35141800246609123|0.8231292517006803)
(0.3526510480887793|0.8231292517006803)
(0.3532675709001233|0.8231292517006803)
(0.35388409371146734|0.8231292517006803)
(0.35511713933415534|0.8231292517006803)
(0.3557336621454994|0.8231292517006803)
(0.3563501849568434|0.8231292517006803)
(0.35758323057953145|0.8231292517006803)
(0.3588162762022195|0.8231292517006803)
(0.3594327990135635|0.814625850340136)
(0.3600493218249075|0.814625850340136)
(0.36128236744759556|0.814625850340136)
(0.3625154130702836|0.8469387755102041)
(0.3631319358816276|0.8469387755102041)
(0.3643649815043157|0.8469387755102041)
(0.3649815043156597|0.8469387755102041)
(0.36621454993834773|0.8469387755102041)
(0.36683107274969173|0.8469387755102041)
(0.36744759556103573|0.8469387755102041)
(0.3686806411837238|0.8469387755102041)
(0.3692971639950678|0.8469387755102041)
(0.37053020961775585|0.8469387755102041)
(0.3711467324290999|0.8469387755102041)
(0.3717632552404439|0.8469387755102041)
(0.37299630086313196|0.8469387755102041)
(0.37422934648581996|0.8469387755102041)
(0.375462392108508|0.8469387755102041)
(0.376078914919852|0.8469387755102041)
(0.37731196054254007|0.8469387755102041)
(0.37792848335388407|0.8469387755102041)
(0.3785450061652281|0.8469387755102041)
(0.3797780517879161|0.8469387755102041)
(0.3803945745992602|0.8469387755102041)
(0.38162762022194824|0.8469387755102041)
(0.38224414303329224|0.8469387755102041)
(0.38286066584463624|0.8469387755102041)
(0.3840937114673243|0.8469387755102041)
(0.3847102342786683|0.8469387755102041)
(0.38594327990135635|0.8469387755102041)
(0.38655980271270035|0.8469387755102041)
(0.3877928483353884|0.8469387755102041)
(0.3884093711467324|0.8469387755102041)
(0.38964241676942046|0.8469387755102041)
(0.3908754623921085|0.8469387755102041)
(0.3914919852034525|0.8469387755102041)
(0.3927250308261406|0.8469387755102041)
(0.39395807644882863|0.8469387755102041)
(0.39519112207151663|0.8469387755102041)
(0.3958076448828607|0.8486394557823129)
(0.3970406905055487|0.8486394557823129)
(0.39765721331689274|0.8486394557823129)
(0.39827373612823674|0.8486394557823129)
(0.3995067817509248|0.8384353741496599)
(0.4001233045622688|0.8384353741496599)
(0.40135635018495686|0.8384353741496599)
(0.40258939580764486|0.8384353741496599)
(0.4032059186189889|0.8384353741496599)
(0.4038224414303329|0.8384353741496599)
(0.40505548705302097|0.8384353741496599)
(0.40567200986436497|0.8384353741496599)
(0.406905055487053|0.8384353741496599)
(0.407521578298397|0.8384353741496599)
(0.4087546239210851|0.8384353741496599)
(0.4093711467324291|0.8384353741496599)
(0.41060419235511714|0.8384353741496599)
(0.41122071516646114|0.8384353741496599)
(0.4124537607891492|0.8384353741496599)
(0.4130702836004932|0.8384353741496599)
(0.41430332922318125|0.8384353741496599)
(0.4149198520345253|0.8384353741496599)
(0.4155363748458693|0.8384353741496599)
(0.41676942046855736|0.8384353741496599)
(0.41800246609124536|0.8384353741496599)
(0.4186189889025894|0.8384353741496599)
(0.4198520345252774|0.8384353741496599)
(0.4204685573366215|0.8384353741496599)
(0.4210850801479655|0.8384353741496599)
(0.42231812577065353|0.8384353741496599)
(0.42355117139334153|0.8384353741496599)
(0.4247842170160296|0.8384353741496599)
(0.42601726263871764|0.8384353741496599)
(0.42663378545006164|0.8384353741496599)
(0.4278668310727497|0.8384353741496599)
(0.4284833538840937|0.8384353741496599)
(0.42971639950678175|0.8384353741496599)
(0.43033292231812575|0.8384353741496599)
(0.4309494451294698|0.8384353741496599)
(0.4321824907521578|0.8384353741496599)
(0.43279901356350187|0.8384353741496599)
(0.43403205918618987|0.8214285714285714)
(0.4346485819975339|0.8214285714285714)
(0.4358816276202219|0.8656462585034014)
(0.43711467324291|0.8656462585034014)
(0.43834771886559803|0.8656462585034014)
(0.4395807644882861|0.8656462585034014)
(0.4401972872996301|0.8656462585034014)
(0.4408138101109741|0.8656462585034014)
(0.44204685573366215|0.8656462585034014)
(0.44266337854500615|0.8656462585034014)
(0.4438964241676942|0.8656462585034014)
(0.4445129469790382|0.8656462585034014)
(0.44574599260172626|0.8656462585034014)
(0.44636251541307026|0.8656462585034014)
(0.4469790382244143|0.8656462585034014)
(0.4482120838471023|0.8656462585034014)
(0.44882860665844637|0.8656462585034014)
(0.44944512946979037|0.8656462585034014)
(0.45067817509247843|0.8656462585034014)
(0.45129469790382243|0.8656462585034014)
(0.4525277435265105|0.8656462585034014)
(0.45376078914919854|0.8656462585034014)
(0.45437731196054254|0.8656462585034014)
(0.45499383477188654|0.8656462585034014)
(0.4562268803945746|0.8656462585034014)
(0.45745992601726265|0.8656462585034014)
(0.45807644882860665|0.8656462585034014)
(0.45869297163995065|0.8656462585034014)
(0.4599260172626387|0.8656462585034014)
(0.46115906288532676|0.8656462585034014)
(0.46177558569667077|0.8656462585034014)
(0.4630086313193588|0.8656462585034014)
(0.4636251541307028|0.8656462585034014)
(0.4648581997533909|0.8656462585034014)
(0.4654747225647349|0.8656462585034014)
(0.46609124537607893|0.8656462585034014)
(0.46732429099876693|0.8656462585034014)
(0.467940813810111|0.8656462585034014)
(0.469173859432799|0.8656462585034014)
(0.46979038224414305|0.8996598639455783)
(0.47102342786683105|0.8996598639455783)
(0.4722564734895191|0.8996598639455783)
(0.47287299630086316|0.8996598639455783)
(0.47348951911220716|0.8248299319727891)
(0.4747225647348952|0.7908163265306123)
(0.4753390875462392|0.7908163265306123)
(0.47657213316892727|0.7908163265306123)
(0.47718865598027127|0.7908163265306123)
(0.47780517879161527|0.7908163265306123)
(0.4790382244143033|0.7908163265306123)
(0.4796547472256473|0.7908163265306123)
(0.4802712700369914|0.7908163265306123)
(0.4815043156596794|0.7908163265306123)
(0.48273736128236744|0.7908163265306123)
(0.4833538840937115|0.7908163265306123)
(0.4839704069050555|0.7908163265306123)
(0.48520345252774355|0.7908163265306123)
(0.48581997533908755|0.7908163265306123)
(0.4870530209617756|0.8452380952380952)
(0.4876695437731196|0.8452380952380952)
(0.48890258939580766|0.8452380952380952)
(0.48951911220715166|0.8452380952380952)
(0.49013563501849566|0.8452380952380952)
(0.4913686806411837|0.8452380952380952)
(0.4919852034525277|0.8452380952380952)
(0.4932182490752158|0.8452380952380952)
(0.49445129469790383|0.8452380952380952)
(0.49506781750924783|0.8452380952380952)
(0.4956843403205919|0.8452380952380952)
(0.4963008631319359|0.8452380952380952)
(0.4969173859432799|0.8452380952380952)
(0.49815043156596794|0.8452380952380952)
(0.49876695437731194|0.8452380952380952)
(0.5|0.8452380952380952)
(0.5006165228113441|0.8452380952380952)
(0.5018495684340321|0.8452380952380952)
(0.5024660912453761|0.8452380952380952)
(0.5036991368680641|0.8452380952380952)
(0.5043156596794082|0.8452380952380952)
(0.5055487053020962|0.8452380952380952)
(0.5061652281134402|0.8452380952380952)
(0.5073982737361282|0.8826530612244898)
(0.5086313193588162|0.8826530612244898)
(0.5092478421701603|0.8826530612244898)
(0.5104808877928483|0.8605442176870748)
(0.5117139334155364|0.8605442176870748)
(0.5123304562268804|0.8605442176870748)
(0.5135635018495684|0.8605442176870748)
(0.5141800246609125|0.8605442176870748)
(0.5154130702836005|0.8605442176870748)
(0.5166461159062885|0.8605442176870748)
(0.5172626387176326|0.8605442176870748)
(0.5184956843403206|0.8605442176870748)
(0.5191122071516646|0.8605442176870748)
(0.5203452527743526|0.8605442176870748)
(0.5215782983970407|0.8605442176870748)
(0.5221948212083847|0.8605442176870748)
(0.5234278668310728|0.8605442176870748)
(0.5240443896424167|0.8605442176870748)
(0.5252774352651048|0.8605442176870748)
(0.5258939580764488|0.8605442176870748)
(0.5265104808877928|0.8605442176870748)
(0.5277435265104808|0.8605442176870748)
(0.528976572133169|0.8605442176870748)
(0.530209617755857|0.8605442176870748)
(0.531442663378545|0.8605442176870748)
(0.532059186189889|0.8605442176870748)
(0.533292231812577|0.8605442176870748)
(0.5339087546239211|0.8605442176870748)
(0.5351418002466092|0.8605442176870748)
(0.5357583230579531|0.8605442176870748)
(0.5363748458692972|0.8605442176870748)
(0.5376078914919852|0.8605442176870748)
(0.5382244143033292|0.8605442176870748)
(0.5388409371146733|0.8605442176870748)
(0.5400739827373613|0.8605442176870748)
(0.5406905055487053|0.8605442176870748)
(0.5419235511713933|0.8605442176870748)
(0.5425400739827374|0.8605442176870748)
(0.5431565967940813|0.8605442176870748)
(0.5437731196054254|0.9013605442176871)
(0.5450061652281134|0.9013605442176871)
(0.5462392108508015|0.9013605442176871)
(0.5474722564734895|0.8809523809523809)
(0.5474722564734895|0.8809523809523809)
(0.5487053020961775|0.8809523809523809)
(0.5493218249075216|0.935374149659864)
(0.5499383477188656|0.935374149659864)
(0.5511713933415536|0.935374149659864)
(0.5517879161528977|0.935374149659864)
(0.5530209617755857|0.935374149659864)
(0.5542540073982737|0.935374149659864)
(0.5548705302096177|0.935374149659864)
(0.5561035758323057|0.935374149659864)
(0.5567200986436498|0.935374149659864)
(0.5579531442663379|0.935374149659864)
(0.5585696670776819|0.935374149659864)
(0.55980271270037|0.935374149659864)
(0.5604192355117139|0.935374149659864)
(0.561035758323058|0.935374149659864)
(0.562268803945746|0.935374149659864)
(0.5635018495684341|0.935374149659864)
(0.564118372379778|0.935374149659864)
(0.5653514180024661|0.935374149659864)
(0.5659679408138101|0.935374149659864)
(0.5672009864364982|0.935374149659864)
(0.5678175092478421|0.935374149659864)
(0.5690505548705302|0.935374149659864)
(0.5702836004932182|0.935374149659864)
(0.5715166461159062|0.935374149659864)
(0.5721331689272503|0.935374149659864)
(0.5727496917385944|0.935374149659864)
(0.5733662145499383|0.935374149659864)
(0.5745992601726264|0.935374149659864)
(0.5752157829839704|0.935374149659864)
(0.5764488286066585|0.935374149659864)
(0.5776818742293465|0.935374149659864)
(0.5789149198520345|0.935374149659864)
(0.5795314426633785|0.935374149659864)
(0.5807644882860666|0.9268707482993197)
(0.5819975339087546|0.9268707482993197)
(0.5826140567200987|0.9268707482993197)
(0.5838471023427867|0.9183673469387755)
(0.5850801479654747|0.9183673469387755)
(0.5863131935881628|0.9183673469387755)
(0.5869297163995068|0.9183673469387755)
(0.5875462392108508|0.9183673469387755)
(0.5887792848335388|0.9183673469387755)
(0.5893958076448829|0.9183673469387755)
(0.5906288532675709|0.9183673469387755)
(0.5912453760789149|0.9183673469387755)
(0.5924784217016029|0.9183673469387755)
(0.593094944512947|0.9183673469387755)
(0.594327990135635|0.9183673469387755)
(0.5955610357583231|0.9183673469387755)
(0.596177558569667|0.9183673469387755)
(0.5967940813810111|0.9183673469387755)
(0.5974106041923551|0.9183673469387755)
(0.5986436498150431|0.9183673469387755)
(0.5998766954377311|0.9183673469387755)
(0.6011097410604193|0.9183673469387755)
(0.6017262638717632|0.9183673469387755)
(0.6029593094944513|0.9183673469387755)
(0.6041923551171393|0.9183673469387755)
(0.6048088779284834|0.9183673469387755)
(0.6054254007398274|0.9183673469387755)
(0.6066584463625154|0.9183673469387755)
(0.6078914919852034|0.9183673469387755)
(0.6091245376078915|0.9183673469387755)
(0.6097410604192355|0.9183673469387755)
(0.6109741060419236|0.9183673469387755)
(0.6115906288532675|0.9183673469387755)
(0.6128236744759556|0.9183673469387755)
(0.6134401972872996|0.9183673469387755)
(0.6140567200986436|0.9183673469387755)
(0.6152897657213316|0.9183673469387755)
(0.6159062885326757|0.9183673469387755)
(0.6171393341553637|0.9183673469387755)
(0.6183723797780518|0.8639455782312925)
(0.6196054254007398|0.8639455782312925)
(0.6202219482120839|0.8639455782312925)
(0.6214549938347719|0.9013605442176871)
(0.6226880394574599|0.9013605442176871)
(0.6233045622688039|0.8962585034013606)
(0.6245376078914919|0.8962585034013606)
(0.625154130702836|0.8962585034013606)
(0.62577065351418|0.8962585034013606)
(0.627003699136868|0.8962585034013606)
(0.6276202219482121|0.8962585034013606)
(0.6288532675709001|0.8962585034013606)
(0.6300863131935882|0.8962585034013606)
(0.6307028360049322|0.8962585034013606)
(0.6319358816276203|0.8962585034013606)
(0.6331689272503083|0.8962585034013606)
(0.6337854500616523|0.8962585034013606)
(0.6350184956843403|0.8962585034013606)
(0.6362515413070283|0.8962585034013606)
(0.6368680641183724|0.9506802721088435)
(0.6381011097410604|0.9506802721088435)
(0.6387176325524044|0.9506802721088435)
(0.6393341553637485|0.9506802721088435)
(0.6405672009864365|0.9506802721088435)
(0.6418002466091245|0.9506802721088435)
(0.6424167694204685|0.9506802721088435)
(0.6436498150431565|0.9506802721088435)
(0.6442663378545006|0.9506802721088435)
(0.6454993834771886|0.9506802721088435)
(0.6461159062885327|0.9506802721088435)
(0.6473489519112207|0.9506802721088435)
(0.6479654747225647|0.9506802721088435)
(0.6485819975339088|0.9506802721088435)
(0.6498150431565968|0.9506802721088435)
(0.6504315659679408|0.9506802721088435)
(0.6516646115906288|0.9506802721088435)
(0.6528976572133169|0.9506802721088435)
(0.6541307028360049|0.9506802721088435)
(0.654747225647349|0.9404761904761905)
(0.655980271270037|0.9404761904761905)
(0.657213316892725|0.9404761904761905)
(0.657829839704069|0.9387755102040817)
(0.659062885326757|0.9387755102040817)
(0.6596794081381011|0.9387755102040817)
(0.6609124537607891|0.9387755102040817)
(0.6615289765721332|0.9387755102040817)
(0.6627620221948212|0.9387755102040817)
(0.6633785450061652|0.9387755102040817)
(0.6646115906288532|0.9387755102040817)
(0.6658446362515413|0.9387755102040817)
(0.6664611590628853|0.9387755102040817)
(0.6670776818742293|0.9387755102040817)
(0.6683107274969173|0.9387755102040817)
(0.6695437731196054|0.9387755102040817)
(0.6701602959309494|0.9387755102040817)
(0.6713933415536375|0.9387755102040817)
(0.6720098643649816|0.9387755102040817)
(0.6732429099876696|0.9387755102040817)
(0.6738594327990136|0.9387755102040817)
(0.6744759556103576|0.9387755102040817)
(0.6757090012330457|0.9387755102040817)
(0.6763255240443896|0.9387755102040817)
(0.6775585696670777|0.9387755102040817)
(0.6781750924784217|0.9387755102040817)
(0.6787916152897657|0.9387755102040817)
(0.6794081381011098|0.9387755102040817)
(0.6806411837237978|0.9387755102040817)
(0.6818742293464858|0.9387755102040817)
(0.6824907521578298|0.9387755102040817)
(0.6831072749691739|0.9387755102040817)
(0.6837237977805178|0.9387755102040817)
(0.684956843403206|0.9387755102040817)
(0.686189889025894|0.9387755102040817)
(0.686806411837238|0.9387755102040817)
(0.687422934648582|0.9387755102040817)
(0.6886559802712701|0.9387755102040817)
(0.689272503082614|0.9387755102040817)
(0.6898890258939581|0.9387755102040817)
(0.6911220715166461|0.9387755102040817)
(0.6917385943279901|0.9829931972789115)
(0.6929716399506781|0.9829931972789115)
(0.6935881627620222|0.9829931972789115)
(0.6948212083847103|0.9829931972789115)
(0.6954377311960542|0.9761904761904762)
(0.6966707768187423|0.9761904761904762)
(0.6972872996300863|0.9761904761904762)
(0.6979038224414303|0.9761904761904762)
(0.6991368680641183|0.9761904761904762)
(0.7003699136868065|0.9761904761904762)
(0.7009864364981504|0.9761904761904762)
(0.7016029593094945|0.9761904761904762)
(0.7028360049321825|0.9761904761904762)
(0.7034525277435265|0.9761904761904762)
(0.7046855733662145|0.9761904761904762)
(0.7053020961775586|0.9761904761904762)
(0.7065351418002466|0.9761904761904762)
(0.7071516646115906|0.9761904761904762)
(0.7083847102342786|0.9761904761904762)
(0.7090012330456227|0.9761904761904762)
(0.7096177558569667|0.9761904761904762)
(0.7108508014796547|0.9761904761904762)
(0.7114673242909988|0.9761904761904762)
(0.7127003699136868|0.9761904761904762)
(0.7133168927250308|0.9761904761904762)
(0.7139334155363748|0.9761904761904762)
(0.7151664611590629|0.9761904761904762)
(0.7157829839704068|0.9761904761904762)
(0.717016029593095|0.9761904761904762)
(0.717632552404439|0.9761904761904762)
(0.718865598027127|0.9761904761904762)
(0.7194821208384711|0.9761904761904762)
(0.720098643649815|0.9761904761904762)
(0.7207151664611591|0.9761904761904762)
(0.7219482120838471|0.9761904761904762)
(0.7231812577065352|0.9761904761904762)
(0.7237977805178791|0.9761904761904762)
(0.7250308261405672|0.9761904761904762)
(0.7262638717632552|0.9761904761904762)
(0.7268803945745993|0.9761904761904762)
(0.7274969173859432|0.9761904761904762)
(0.7287299630086314|0.9761904761904762)
(0.7293464858199753|0.9591836734693877)
(0.7299630086313194|0.9591836734693877)
(0.7311960542540074|0.9591836734693877)
(0.7324290998766955|1.0)
(0.7330456226880394|1.0)
(0.7342786683107275|1.0)
(0.7348951911220715|1.0)
(0.7361282367447596|1.0)
(0.7367447595561035|1.0)
(0.7373612823674476|1.0)
(0.7379778051787916|1.0)
(0.7385943279901356|1.0)
(0.7398273736128237|1.0)
(0.7410604192355117|1.0)
(0.7416769420468557|1.0)
(0.7429099876695437|1.0)
(0.7441430332922319|1.0)
(0.7441430332922319|1.0)
(0.7453760789149199|1.0)
(0.7466091245376079|1.0)
(0.7466091245376079|1.0)
(0.747842170160296|1.0)
(0.749075215782984|1.0)
(0.749691738594328|1.0)
(0.750924784217016|1.0)
(0.7515413070283601|1.0)
(0.7527743526510481|1.0)
(0.7540073982737361|1.0)
(0.7546239210850801|1.0)
(0.7558569667077681|1.0)
(0.7564734895191122|1.0)
(0.7570900123304563|1.0)
(0.7577065351418002|1.0)
(0.7589395807644883|1.0)
(0.7595561035758323|1.0)
(0.7607891491985204|1.0)
(0.7614056720098644|1.0)
(0.7626387176325524|1.0)
(0.7632552404438965|1.0)
(0.7644882860665845|1.0)
(0.7651048088779285|1.0)
(0.7657213316892725|0.9897959183673469)
(0.7669543773119606|0.9897959183673469)
(0.7681874229346486|0.9897959183673469)
(0.7688039457459926|0.9217687074829932)
(0.7700369913686806|0.9217687074829932)
(0.7706535141800247|0.9217687074829932)
(0.7712700369913686|0.9217687074829932)
(0.7725030826140568|0.9217687074829932)
(0.7731196054254007|0.9217687074829932)
(0.7737361282367448|0.9217687074829932)
(0.7749691738594328|0.9217687074829932)
(0.7755856966707768|0.9217687074829932)
(0.7768187422934648|0.9217687074829932)
(0.7780517879161529|0.9217687074829932)
(0.7786683107274969|0.9217687074829932)
(0.779901356350185|0.9217687074829932)
(0.7805178791615289|0.9217687074829932)
(0.781750924784217|0.9217687074829932)
(0.782367447595561|0.9217687074829932)
(0.7836004932182491|0.9217687074829932)
(0.7848335388409371|0.9217687074829932)
(0.7854500616522812|0.9217687074829932)
(0.7860665844636252|0.9217687074829932)
(0.7872996300863132|0.9217687074829932)
(0.7879161528976573|0.9217687074829932)
(0.7891491985203453|0.9217687074829932)
(0.7903822441430333|0.9217687074829932)
(0.7909987669543773|0.9217687074829932)
(0.7922318125770653|0.9217687074829932)
(0.7928483353884094|0.9217687074829932)
(0.7940813810110974|0.9217687074829932)
(0.7946979038224414|0.9217687074829932)
(0.7953144266337855|0.9217687074829932)
(0.7965474722564735|0.9217687074829932)
(0.7971639950678175|0.9217687074829932)
(0.7977805178791615|0.9217687074829932)
(0.7990135635018496|0.9217687074829932)
(0.8002466091245376|0.9217687074829932)
(0.8008631319358817|0.9217687074829932)
(0.8014796547472256|0.9217687074829932)
(0.8020961775585697|0.9217687074829932)
(0.8033292231812577|0.9727891156462585)
(0.8045622688039458|0.9727891156462585)
(0.8051787916152897|0.9727891156462585)
(0.8057953144266338|0.9489795918367347)
(0.8070283600493219|0.9489795918367347)
(0.8076448828606658|0.9489795918367347)
(0.8088779284833539|0.9489795918367347)
(0.8094944512946979|0.9489795918367347)
(0.8101109741060419|0.9489795918367347)
(0.8113440197287299|0.9489795918367347)
(0.811960542540074|0.9489795918367347)
(0.813193588162762|0.9489795918367347)
(0.813810110974106|0.9489795918367347)
(0.8144266337854501|0.9489795918367347)
(0.8156596794081381|0.9489795918367347)
(0.8162762022194822|0.9489795918367347)
(0.8175092478421702|0.9489795918367347)
(0.8193588162762022|0.9489795918367347)
(0.8193588162762022|0.9489795918367347)
(0.8205918618988902|0.9489795918367347)
(0.8230579531442663|0.9489795918367347)
(0.8230579531442663|0.9489795918367347)
(0.8236744759556104|0.9489795918367347)
(0.8242909987669543|0.9489795918367347)
(0.8249075215782984|0.9489795918367347)
(0.8261405672009864|0.9489795918367347)
(0.8267570900123304|0.9489795918367347)
(0.8286066584463625|0.9489795918367347)
(0.8304562268803946|0.9489795918367347)
(0.8310727496917386|0.9489795918367347)
(0.8323057953144266|0.9489795918367347)
(0.8335388409371147|0.9489795918367347)
(0.8347718865598027|0.9489795918367347)
(0.8384710234278668|0.9489795918367347)
(0.8384710234278668|0.9489795918367347)
(0.8390875462392109|0.9489795918367347)
(0.8397040690505548|0.9387755102040817)
(0.840937114673243|0.9387755102040817)
(0.8415536374845869|0.9387755102040817)
(0.842170160295931|0.9387755102040817)
(0.842786683107275|0.9336734693877551)
(0.844019728729963|0.9336734693877551)
(0.8446362515413071|0.9336734693877551)
(0.845252774352651|0.7840136054421769)
(0.8464858199753391|0.7840136054421769)
(0.8477188655980271|0.7840136054421769)
(0.8489519112207151|0.8928571428571429)
(0.8501849568434032|0.8928571428571429)
(0.8508014796547472|0.8928571428571429)
(0.8520345252774353|0.8928571428571429)
(0.8532675709001233|0.8928571428571429)
(0.8545006165228114|0.8928571428571429)
(0.8551171393341553|0.8928571428571429)
(0.8557336621454994|0.8928571428571429)
(0.8563501849568435|0.8928571428571429)
(0.8569667077681874|0.8928571428571429)
(0.8581997533908755|0.8928571428571429)
(0.8588162762022195|0.8928571428571429)
(0.8600493218249076|0.8928571428571429)
(0.8606658446362515|0.9472789115646258)
(0.8612823674475956|0.9472789115646258)
(0.8625154130702836|0.9472789115646258)
(0.8637484586929717|0.9472789115646258)
(0.8649815043156597|0.9472789115646258)
(0.8655980271270037|0.9472789115646258)
(0.8662145499383477|0.9472789115646258)
(0.8674475955610358|0.9472789115646258)
(0.8680641183723797|0.9472789115646258)
(0.8692971639950678|0.9472789115646258)
(0.8699136868064118|0.9472789115646258)
(0.8711467324290999|0.9472789115646258)
(0.8723797780517879|0.9472789115646258)
(0.8736128236744759|0.9472789115646258)
(0.87422934648582|0.9472789115646258)
(0.8754623921085081|0.9472789115646258)
(0.876078914919852|0.9472789115646258)
(0.8766954377311961|0.9472789115646258)
(0.8779284833538841|0.9387755102040817)
(0.8785450061652281|0.9387755102040817)
(0.8791615289765722|0.9387755102040817)
(0.8797780517879161|0.8690476190476191)
(0.8803945745992602|0.8690476190476191)
(0.8810110974106042|0.8690476190476191)
(0.8822441430332922|0.8690476190476191)
(0.8834771886559802|0.8690476190476191)
(0.8847102342786684|0.8690476190476191)
(0.8853267570900123|0.8690476190476191)
(0.8859432799013564|0.8690476190476191)
(0.8865598027127004|0.8690476190476191)
(0.8877928483353884|0.8690476190476191)
(0.8884093711467325|0.8690476190476191)
(0.8890258939580764|0.8690476190476191)
(0.8896424167694205|0.8690476190476191)
(0.8908754623921085|0.8690476190476191)
(0.8914919852034525|0.8690476190476191)
(0.8927250308261405|0.8690476190476191)
(0.8939580764488286|0.8690476190476191)
(0.8951911220715166|0.8690476190476191)
(0.8958076448828607|0.8690476190476191)
(0.8964241676942046|0.8690476190476191)
(0.8970406905055487|0.8690476190476191)
(0.8976572133168927|0.8690476190476191)
(0.8982737361282368|0.8690476190476191)
(0.8995067817509248|0.8690476190476191)
(0.9007398273736128|0.8690476190476191)
(0.9013563501849569|0.8690476190476191)
(0.9025893958076449|0.8690476190476191)
(0.903822441430333|0.8690476190476191)
(0.905055487053021|0.8690476190476191)
(0.906288532675709|0.8690476190476191)
(0.906905055487053|0.8690476190476191)
(0.9075215782983971|0.8690476190476191)
(0.908138101109741|0.8690476190476191)
(0.9093711467324291|0.8690476190476191)
(0.9106041923551171|0.8690476190476191)
(0.9112207151664612|0.8690476190476191)
(0.9124537607891492|0.8690476190476191)
(0.9136868064118372|0.8690476190476191)
(0.9143033292231812|0.9064625850340136)
(0.9155363748458692|0.9064625850340136)
(0.9161528976572133|0.9064625850340136)
(0.9173859432799013|0.9404761904761905)
(0.9180024660912454|0.9404761904761905)
(0.9192355117139334|0.9404761904761905)
(0.9204685573366215|0.9404761904761905)
(0.9210850801479655|0.9404761904761905)
(0.9223181257706535|0.9404761904761905)
(0.9235511713933415|0.9404761904761905)
(0.9241676942046856|0.9404761904761905)
(0.9254007398273736|0.9404761904761905)
(0.9266337854500617|0.9404761904761905)
(0.9272503082614056|0.9404761904761905)
(0.9284833538840938|0.9404761904761905)
(0.9297163995067818|0.9404761904761905)
(0.9303329223181258|0.9404761904761905)
(0.9309494451294698|0.9404761904761905)
(0.9321824907521579|0.9404761904761905)
(0.9327990135635018|0.9404761904761905)
(0.9340320591861899|0.9404761904761905)
(0.9346485819975339|0.9404761904761905)
(0.9352651048088779|0.9404761904761905)
(0.9364981504315659|0.9404761904761905)
(0.937731196054254|0.9098639455782312)
(0.938964241676942|0.9098639455782312)
(0.9395807644882861|0.9098639455782312)
(0.9408138101109741|0.9098639455782312)
(0.9414303329223181|0.9098639455782312)
(0.9426633785450061|0.9098639455782312)
(0.9432799013563502|0.9098639455782312)
(0.9438964241676943|0.9098639455782312)
(0.9445129469790382|0.9098639455782312)
(0.9457459926017263|0.9098639455782312)
(0.9463625154130703|0.9098639455782312)
(0.9475955610357584|0.9098639455782312)
(0.9482120838471023|0.9098639455782312)
(0.9494451294697904|0.9098639455782312)
(0.9500616522811344|0.9098639455782312)
(0.9512946979038225|0.8877551020408163)
(0.9525277435265105|0.8877551020408163)
(0.9531442663378545|0.8877551020408163)
(0.9537607891491985|0.8775510204081632)
(0.9549938347718866|0.8775510204081632)
(0.9556103575832305|0.8775510204081632)
(0.9568434032059187|0.8775510204081632)
(0.9574599260172626|0.8775510204081632)
(0.9580764488286067|0.8775510204081632)
(0.9593094944512947|0.8775510204081632)
(0.9605425400739828|0.8775510204081632)
(0.9611590628853267|0.8775510204081632)
(0.9617755856966708|0.8775510204081632)
(0.9630086313193588|0.8775510204081632)
(0.9636251541307028|0.8775510204081632)
(0.9642416769420469|0.8775510204081632)
(0.9654747225647349|0.8775510204081632)
(0.9660912453760789|0.8775510204081632)
(0.9673242909987669|0.8775510204081632)
(0.968557336621455|0.8775510204081632)
(0.969173859432799|0.8775510204081632)
(0.9704069050554871|0.8775510204081632)
(0.9716399506781751|0.8775510204081632)
(0.9722564734895192|0.8775510204081632)
(0.9734895191122072|0.8775510204081632)
(0.9741060419235512|0.8775510204081632)
(0.9747225647348952|0.8775510204081632)
(0.9759556103575833|0.8775510204081632)
(0.9771886559802713|0.8775510204081632)
(0.9778051787916153|0.8775510204081632)
(0.9790382244143033|0.8775510204081632)
(0.9802712700369913|0.8775510204081632)
(0.9815043156596794|0.8775510204081632)
(0.9827373612823674|0.8775510204081632)
(0.9833538840937115|0.8775510204081632)
(0.9839704069050554|0.8775510204081632)
(0.9845869297163995|0.8775510204081632)
(0.9864364981504316|0.8775510204081632)
(0.9870530209617756|0.8775510204081632)
(0.9876695437731196|0.9183673469387755)
(0.9882860665844636|0.8435374149659864)
(0.9895191122071517|0.8435374149659864)
(0.9901356350184957|0.8435374149659864)
(0.9907521578298397|0.8758503401360545)
(0.9919852034525277|0.8758503401360545)
(0.9926017262638718|0.8758503401360545)
(0.9938347718865598|0.8758503401360545)
(0.9944512946979038|0.8758503401360545)
(0.9956843403205918|0.8758503401360545)
(0.9969173859432799|0.8758503401360545)
(0.9981504315659679|0.8758503401360545)
(0.998766954377312|0.8758503401360545)
(1.0|0.8758503401360545)
