(1.0|18.36328125)
(2.0|18.36328125)
(3.0|18.36328125)
(5.0|18.48828125)
(6.0|18.48828125)
(8.0|18.61328125)
(10.0|18.86328125)
(11.0|18.86328125)
(12.0|18.86328125)
(14.0|18.86328125)
(16.0|18.86328125)
(17.0|18.86328125)
(19.0|18.86328125)
(20.0|18.86328125)
(21.0|18.86328125)
(22.0|18.98828125)
(23.0|19.34765625)
(25.0|19.34765625)
(27.0|19.34765625)
(28.0|19.34765625)
(30.0|19.34765625)
(32.0|19.34765625)
(34.0|19.34765625)
(35.0|19.34765625)
(37.0|19.34765625)
(38.0|19.34765625)
(39.0|19.34765625)
(41.0|19.34765625)
(42.0|19.34765625)
(44.0|19.203125)
(45.0|19.203125)
(47.0|19.19921875)
(48.0|19.296875)
(50.0|19.296875)
(51.0|19.296875)
(52.0|19.296875)
(54.0|19.296875)
(55.0|19.296875)
(56.0|19.296875)
(58.0|19.296875)
(59.0|19.296875)
(60.0|19.296875)
(61.0|19.296875)
(63.0|19.296875)
(65.0|19.296875)
(67.0|19.296875)
(69.0|19.296875)
(70.0|19.296875)
(72.0|19.296875)
(73.0|19.296875)
(75.0|19.296875)
(77.0|19.296875)
(78.0|19.296875)
(80.0|19.296875)
(81.0|19.296875)
(83.0|19.296875)
(84.0|19.296875)
(85.0|19.296875)
(86.0|19.296875)
(88.0|19.296875)
(89.0|19.296875)
(91.0|19.296875)
(92.0|19.296875)
(94.0|19.296875)
(96.0|19.296875)
(97.0|19.296875)
(98.0|19.296875)
(100.0|19.296875)
(102.0|19.296875)
(103.0|19.26171875)
(105.0|19.26171875)
(107.0|19.26171875)
(109.0|19.3671875)
(110.0|19.3671875)
(112.0|19.3671875)
(113.0|19.3671875)
(115.0|19.3671875)
(117.0|19.3671875)
(118.0|19.3671875)
(120.0|19.3671875)
(121.0|19.3671875)
(122.0|19.3671875)
(124.0|19.3671875)
(125.0|19.3671875)
(126.0|19.3671875)
(128.0|19.3671875)
(129.0|19.3671875)
(130.0|19.3671875)
(132.0|19.3671875)
(133.0|19.3671875)
(135.0|19.3671875)
(136.0|19.3671875)
(137.0|19.3671875)
(139.0|19.3671875)
(141.0|19.3671875)
(143.0|19.4921875)
(145.0|19.9921875)
(146.0|19.9921875)
(147.0|19.9921875)
(149.0|19.9921875)
(150.0|19.9921875)
(152.0|19.9921875)
(153.0|19.9921875)
(155.0|19.9921875)
(157.0|19.9921875)
(159.0|19.9921875)
(160.0|19.9921875)
(162.0|19.9921875)
(163.0|19.98046875)
(165.0|19.98046875)
(166.0|19.98046875)
(168.0|20.05859375)
(170.0|20.05859375)
(172.0|20.05859375)
(173.0|20.05859375)
(175.0|20.05859375)
(177.0|20.05859375)
(178.0|20.05859375)
(179.0|20.05859375)
(181.0|20.05859375)
(183.0|20.05859375)
(184.0|20.05859375)
(186.0|20.05859375)
(188.0|20.05859375)
(189.0|20.05859375)
(191.0|20.05859375)
(192.0|20.05859375)
(194.0|20.05859375)
(195.0|20.05859375)
(196.0|20.05859375)
(198.0|20.05859375)
(199.0|20.05859375)
(201.0|20.05859375)
(202.0|20.05859375)
(204.0|20.05859375)
(206.0|20.05859375)
(208.0|20.05859375)
(209.0|20.05859375)
(211.0|20.05859375)
(213.0|20.05859375)
(215.0|19.98828125)
(216.0|20.11328125)
(217.0|20.11328125)
(219.0|20.11328125)
(220.0|20.11328125)
(221.0|20.11328125)
(222.0|20.11328125)
(224.0|20.078125)
(226.0|20.078125)
(227.0|20.078125)
(229.0|20.03515625)
(230.0|20.03515625)
(231.0|20.03515625)
(233.0|20.03515625)
(234.0|20.03515625)
(235.0|20.00390625)
(237.0|20.00390625)
(238.0|20.00390625)
(239.0|20.00390625)
(241.0|20.00390625)
(243.0|20.00390625)
(244.0|20.00390625)
(246.0|20.12890625)
(248.0|20.12890625)
(249.0|20.12890625)
(251.0|20.12890625)
(252.0|20.12890625)
(254.0|20.12890625)
(255.0|20.12890625)
(256.0|20.12890625)
(258.0|20.12890625)
(260.0|20.12890625)
(261.0|20.12890625)
(263.0|20.12890625)
(264.0|20.12890625)
(265.0|20.12890625)
(267.0|20.12890625)
(268.0|20.12890625)
(269.0|20.12890625)
(271.0|20.12890625)
(273.0|20.12890625)
(275.0|20.12890625)
(276.0|20.12890625)
(278.0|20.12890625)
(279.0|20.12890625)
(280.0|20.12890625)
(282.0|20.12890625)
(284.0|20.08203125)
(285.0|20.08203125)
(286.0|20.08203125)
(288.0|20.05859375)
(290.0|20.05859375)
(291.0|20.05859375)
(293.0|20.05859375)
(294.0|20.05859375)
(296.0|20.05859375)
(297.0|20.05859375)
(298.0|20.05859375)
(300.0|20.05859375)
(302.0|20.05859375)
(303.0|20.05859375)
(305.0|20.05859375)
(306.0|20.05859375)
(308.0|20.05859375)
(309.0|20.05859375)
(311.0|20.05859375)
(312.0|20.05859375)
(313.0|20.05859375)
(315.0|20.05859375)
(316.0|20.05859375)
(318.0|20.05859375)
(320.0|20.05859375)
(322.0|20.05859375)
(324.0|20.05859375)
(325.0|20.05859375)
(326.0|20.05859375)
(328.0|20.05859375)
(329.0|20.05859375)
(330.0|20.05859375)
(332.0|20.05859375)
(334.0|20.05859375)
(336.0|20.05859375)
(338.0|20.05859375)
(339.0|20.05859375)
(340.0|20.05859375)
(342.0|20.05859375)
(343.0|20.046875)
(344.0|20.046875)
(346.0|20.046875)
(348.0|20.046875)
(349.0|20.15234375)
(350.0|20.15234375)
(352.0|20.15234375)
(353.0|20.15234375)
(355.0|20.15234375)
(357.0|20.15234375)
(358.0|20.15234375)
(360.0|20.15234375)
(362.0|20.15234375)
(363.0|20.15234375)
(365.0|20.15234375)
(366.0|20.15234375)
(367.0|20.15234375)
(369.0|20.15234375)
(370.0|20.15234375)
(371.0|20.15234375)
(373.0|20.15234375)
(375.0|20.15234375)
(376.0|20.15234375)
(377.0|20.15234375)
(379.0|20.15234375)
(381.0|20.15234375)
(382.0|20.15234375)
(384.0|20.15234375)
(386.0|20.15234375)
(387.0|20.15234375)
(388.0|20.15234375)
(390.0|20.15234375)
(391.0|20.15234375)
(393.0|20.15234375)
(394.0|20.15234375)
(396.0|20.15234375)
(398.0|20.15234375)
(399.0|20.15234375)
(400.0|20.15234375)
(401.0|20.15234375)
(403.0|20.15234375)
(404.0|20.0234375)
(405.0|20.0234375)
(407.0|20.1484375)
(408.0|20.22265625)
(410.0|20.22265625)
(412.0|20.22265625)
(413.0|20.22265625)
(415.0|20.22265625)
(416.0|20.22265625)
(418.0|20.22265625)
(420.0|20.22265625)
(421.0|20.22265625)
(423.0|20.22265625)
(424.0|20.22265625)
(426.0|20.22265625)
(428.0|20.22265625)
(429.0|20.22265625)
(431.0|20.22265625)
(432.0|20.22265625)
(433.0|20.22265625)
(435.0|20.22265625)
(436.0|20.22265625)
(437.0|20.22265625)
(438.0|20.22265625)
(440.0|20.22265625)
(441.0|20.22265625)
(443.0|20.22265625)
(444.0|20.22265625)
(446.0|20.22265625)
(447.0|20.22265625)
(449.0|20.22265625)
(450.0|20.22265625)
(452.0|20.22265625)
(454.0|20.22265625)
(456.0|20.22265625)
(457.0|20.22265625)
(459.0|20.22265625)
(461.0|20.22265625)
(462.0|20.22265625)
(464.0|20.09375)
(466.0|20.09375)
(468.0|20.17578125)
(469.0|20.0625)
(470.0|20.0625)
(472.0|20.0625)
(473.0|20.0625)
(475.0|20.0625)
(477.0|20.0625)
(478.0|20.0625)
(480.0|20.0625)
(481.0|20.0625)
(483.0|20.0625)
(484.0|20.0625)
(486.0|20.0625)
(487.0|20.0625)
(488.0|20.0625)
(490.0|20.0625)
(491.0|20.0625)
(493.0|20.0625)
(494.0|20.0625)
(496.0|20.0625)
(497.0|20.0625)
(498.0|20.0625)
(500.0|20.0625)
(501.0|20.0625)
(503.0|20.0625)
(505.0|20.0625)
(506.0|20.0625)
(508.0|20.0625)
(509.0|20.0625)
(510.0|20.0625)
(512.0|20.0625)
(513.0|20.0625)
(514.0|20.0625)
(516.0|20.0625)
(517.0|20.0625)
(519.0|20.0625)
(520.0|20.0625)
(522.0|20.0625)
(523.0|20.14453125)
(525.0|20.14453125)
(526.0|20.14453125)
(528.0|20.12890625)
(529.0|20.12890625)
(531.0|20.12890625)
(533.0|20.12890625)
(535.0|20.25390625)
(536.0|20.25390625)
(538.0|20.25390625)
(540.0|20.25390625)
(542.0|20.25390625)
(544.0|20.25390625)
(545.0|20.25390625)
(546.0|20.25390625)
(548.0|20.25390625)
(549.0|20.25390625)
(551.0|20.25390625)
(553.0|20.25390625)
(554.0|20.25390625)
(556.0|20.25390625)
(557.0|20.25390625)
(559.0|20.25390625)
(560.0|20.25390625)
(562.0|20.25390625)
(563.0|20.25390625)
(565.0|20.25390625)
(566.0|20.25390625)
(568.0|20.25390625)
(569.0|20.25390625)
(570.0|20.25390625)
(571.0|20.25390625)
(573.0|20.25390625)
(574.0|20.25390625)
(575.0|20.25390625)
(577.0|20.25390625)
(578.0|20.25390625)
(579.0|20.25390625)
(581.0|20.25390625)
(583.0|20.25390625)
(584.0|20.234375)
(585.0|20.234375)
(587.0|20.234375)
(589.0|20.30859375)
(590.0|20.30859375)
(592.0|20.30859375)
(593.0|20.30859375)
(595.0|20.30859375)
(596.0|20.30859375)
(597.0|20.30859375)
(599.0|20.30859375)
(600.0|20.30859375)
(602.0|20.30859375)
(603.0|20.30859375)
(604.0|20.30859375)
(606.0|20.30859375)
(608.0|20.30859375)
(610.0|20.30859375)
(611.0|20.30859375)
(613.0|20.30859375)
(614.0|20.30859375)
(615.0|20.30859375)
(617.0|20.30859375)
(618.0|20.30859375)
(620.0|20.30859375)
(621.0|20.30859375)
(622.0|20.30859375)
(624.0|20.30859375)
(625.0|20.30859375)
(627.0|20.30859375)
(628.0|20.30859375)
(630.0|20.30859375)
(631.0|20.30859375)
(633.0|20.30859375)
(635.0|20.30859375)
(636.0|20.30859375)
(638.0|20.30859375)
(640.0|20.30859375)
(642.0|20.30859375)
(643.0|20.3125)
(645.0|20.3125)
(646.0|20.3125)
(647.0|20.3125)
(649.0|20.2890625)
(650.0|20.2890625)
(652.0|20.2890625)
(654.0|20.2890625)
(655.0|20.2890625)
(656.0|20.2890625)
(658.0|20.2890625)
(659.0|20.2890625)
(661.0|20.2890625)
(662.0|20.2890625)
(664.0|20.2890625)
(665.0|20.2890625)
(667.0|20.2890625)
(668.0|20.2890625)
(670.0|20.2890625)
(671.0|20.2890625)
(673.0|20.2890625)
(674.0|20.2890625)
(675.0|20.2890625)
(677.0|20.2890625)
(679.0|20.2890625)
(680.0|20.2890625)
(682.0|20.2890625)
(683.0|20.2890625)
(684.0|20.2890625)
(686.0|20.2890625)
(688.0|20.2890625)
(690.0|20.2890625)
(692.0|20.2890625)
(693.0|20.2890625)
(695.0|20.2890625)
(696.0|20.2890625)
(698.0|20.2890625)
(699.0|20.2890625)
(700.0|20.2890625)
(702.0|20.2890625)
(703.0|20.2890625)
(705.0|20.25)
(706.0|20.25)
(708.0|20.3515625)
(710.0|20.3515625)
(712.0|20.3515625)
(714.0|20.3515625)
(715.0|20.3515625)
(716.0|20.3515625)
(718.0|20.3515625)
(719.0|20.3515625)
(721.0|20.3515625)
(722.0|20.3515625)
(724.0|20.3515625)
(725.0|20.3515625)
(726.0|20.3515625)
(728.0|20.3515625)
(729.0|20.3515625)
(730.0|20.3515625)
(732.0|20.3515625)
(733.0|20.3515625)
(735.0|20.3515625)
(737.0|20.3515625)
(738.0|20.3515625)
(739.0|20.3515625)
(741.0|20.3515625)
(743.0|20.3515625)
(744.0|20.3515625)
(745.0|20.3515625)
(747.0|20.3515625)
(749.0|20.3515625)
(750.0|20.3515625)
(752.0|20.3515625)
(753.0|20.3515625)
(755.0|20.3515625)
(756.0|20.3515625)
(757.0|20.3515625)
(759.0|20.3515625)
(760.0|20.3515625)
(762.0|20.3515625)
(763.0|20.4296875)
(765.0|20.4296875)
(767.0|20.4296875)
(768.0|20.4296875)
(769.0|20.2578125)
(771.0|20.1796875)
(772.0|20.1796875)
(774.0|20.1796875)
(775.0|20.1796875)
(776.0|20.1796875)
(778.0|20.1796875)
(779.0|20.1796875)
(780.0|20.1796875)
(782.0|20.1796875)
(784.0|20.1796875)
(785.0|20.1796875)
(786.0|20.1796875)
(788.0|20.1796875)
(789.0|20.1796875)
(791.0|20.3046875)
(792.0|20.3046875)
(794.0|20.3046875)
(795.0|20.3046875)
(796.0|20.3046875)
(798.0|20.3046875)
(799.0|20.3046875)
(801.0|20.3046875)
(803.0|20.3046875)
(804.0|20.3046875)
(805.0|20.3046875)
(806.0|20.3046875)
(807.0|20.3046875)
(809.0|20.3046875)
(810.0|20.3046875)
(812.0|20.3046875)
(813.0|20.3046875)
(815.0|20.3046875)
(816.0|20.3046875)
(818.0|20.3046875)
(819.0|20.3046875)
(821.0|20.3046875)
(822.0|20.3046875)
(824.0|20.390625)
(826.0|20.390625)
(827.0|20.390625)
(829.0|20.33984375)
(831.0|20.33984375)
(832.0|20.33984375)
(834.0|20.33984375)
(835.0|20.33984375)
(837.0|20.33984375)
(839.0|20.33984375)
(840.0|20.33984375)
(842.0|20.33984375)
(843.0|20.33984375)
(845.0|20.33984375)
(847.0|20.33984375)
(848.0|20.33984375)
(850.0|20.33984375)
(851.0|20.33984375)
(853.0|20.33984375)
(854.0|20.33984375)
(855.0|20.33984375)
(857.0|20.33984375)
(859.0|20.33984375)
(861.0|20.33984375)
(863.0|20.33984375)
(864.0|20.33984375)
(866.0|20.33984375)
(867.0|20.33984375)
(869.0|20.33984375)
(870.0|20.33984375)
(871.0|20.33984375)
(873.0|20.33984375)
(874.0|20.33984375)
(875.0|20.33984375)
(877.0|20.33984375)
(878.0|20.33984375)
(880.0|20.33984375)
(881.0|20.33984375)
(882.0|20.33984375)
(883.0|20.43359375)
(885.0|20.43359375)
(887.0|20.43359375)
(889.0|20.38671875)
(889.0|20.38671875)
(891.0|20.38671875)
(892.0|20.51171875)
(893.0|20.51171875)
(895.0|20.51171875)
(896.0|20.51171875)
(898.0|20.51171875)
(900.0|20.51171875)
(901.0|20.51171875)
(903.0|20.51171875)
(904.0|20.51171875)
(906.0|20.51171875)
(907.0|20.51171875)
(909.0|20.51171875)
(910.0|20.51171875)
(911.0|20.51171875)
(913.0|20.51171875)
(915.0|20.51171875)
(916.0|20.51171875)
(918.0|20.51171875)
(919.0|20.51171875)
(921.0|20.51171875)
(922.0|20.51171875)
(924.0|20.51171875)
(926.0|20.51171875)
(928.0|20.51171875)
(929.0|20.51171875)
(930.0|20.51171875)
(931.0|20.51171875)
(933.0|20.51171875)
(934.0|20.51171875)
(936.0|20.51171875)
(938.0|20.51171875)
(940.0|20.51171875)
(941.0|20.51171875)
(943.0|20.4921875)
(945.0|20.4921875)
(946.0|20.4921875)
(948.0|20.47265625)
(950.0|20.47265625)
(952.0|20.47265625)
(953.0|20.47265625)
(954.0|20.47265625)
(956.0|20.47265625)
(957.0|20.47265625)
(959.0|20.47265625)
(960.0|20.47265625)
(962.0|20.47265625)
(963.0|20.47265625)
(965.0|20.47265625)
(967.0|20.47265625)
(968.0|20.47265625)
(969.0|20.47265625)
(970.0|20.47265625)
(972.0|20.47265625)
(974.0|20.47265625)
(976.0|20.47265625)
(977.0|20.47265625)
(979.0|20.47265625)
(981.0|20.47265625)
(982.0|20.47265625)
(983.0|20.47265625)
(985.0|20.47265625)
(987.0|20.47265625)
(989.0|20.47265625)
(990.0|20.47265625)
(992.0|20.47265625)
(993.0|20.47265625)
(995.0|20.47265625)
(996.0|20.47265625)
(997.0|20.47265625)
(999.0|20.47265625)
(1000.0|20.47265625)
(1002.0|20.47265625)
(1004.0|20.34765625)
(1006.0|20.34765625)
(1007.0|20.34765625)
(1009.0|20.43359375)
(1011.0|20.43359375)
(1012.0|20.421875)
(1014.0|20.421875)
(1015.0|20.421875)
(1016.0|20.421875)
(1018.0|20.421875)
(1019.0|20.421875)
(1021.0|20.421875)
(1023.0|20.421875)
(1024.0|20.421875)
(1026.0|20.421875)
(1028.0|20.421875)
(1029.0|20.421875)
(1031.0|20.421875)
(1033.0|20.421875)
(1034.0|20.546875)
(1036.0|20.546875)
(1037.0|20.546875)
(1038.0|20.546875)
(1040.0|20.546875)
(1042.0|20.546875)
(1043.0|20.546875)
(1045.0|20.546875)
(1046.0|20.546875)
(1048.0|20.546875)
(1049.0|20.546875)
(1051.0|20.546875)
(1052.0|20.546875)
(1053.0|20.546875)
(1055.0|20.546875)
(1056.0|20.546875)
(1058.0|20.546875)
(1060.0|20.546875)
(1062.0|20.546875)
(1063.0|20.5234375)
(1065.0|20.5234375)
(1067.0|20.5234375)
(1068.0|20.51953125)
(1070.0|20.51953125)
(1071.0|20.51953125)
(1073.0|20.51953125)
(1074.0|20.51953125)
(1076.0|20.51953125)
(1077.0|20.51953125)
(1079.0|20.51953125)
(1081.0|20.51953125)
(1082.0|20.51953125)
(1083.0|20.51953125)
(1085.0|20.51953125)
(1087.0|20.51953125)
(1088.0|20.51953125)
(1090.0|20.51953125)
(1091.0|20.51953125)
(1093.0|20.51953125)
(1094.0|20.51953125)
(1095.0|20.51953125)
(1097.0|20.51953125)
(1098.0|20.51953125)
(1100.0|20.51953125)
(1101.0|20.51953125)
(1102.0|20.51953125)
(1103.0|20.51953125)
(1105.0|20.51953125)
(1107.0|20.51953125)
(1108.0|20.51953125)
(1109.0|20.51953125)
(1110.0|20.51953125)
(1112.0|20.51953125)
(1114.0|20.51953125)
(1115.0|20.51953125)
(1116.0|20.51953125)
(1118.0|20.51953125)
(1119.0|20.51953125)
(1120.0|20.51953125)
(1122.0|20.51953125)
(1123.0|20.62109375)
(1125.0|20.62109375)
(1126.0|20.62109375)
(1128.0|20.62109375)
(1129.0|20.60546875)
(1131.0|20.60546875)
(1132.0|20.60546875)
(1133.0|20.60546875)
(1135.0|20.60546875)
(1137.0|20.60546875)
(1138.0|20.60546875)
(1139.0|20.60546875)
(1141.0|20.60546875)
(1142.0|20.60546875)
(1144.0|20.60546875)
(1145.0|20.60546875)
(1147.0|20.60546875)
(1148.0|20.60546875)
(1150.0|20.60546875)
(1151.0|20.60546875)
(1152.0|20.60546875)
(1154.0|20.60546875)
(1155.0|20.60546875)
(1157.0|20.60546875)
(1158.0|20.60546875)
(1159.0|20.60546875)
(1161.0|20.60546875)
(1162.0|20.60546875)
(1164.0|20.60546875)
(1165.0|20.60546875)
(1167.0|20.60546875)
(1168.0|20.60546875)
(1169.0|20.60546875)
(1170.0|20.60546875)
(1172.0|20.60546875)
(1174.0|20.60546875)
(1175.0|20.60546875)
(1177.0|20.60546875)
(1179.0|20.60546875)
(1180.0|20.60546875)
(1181.0|20.60546875)
(1183.0|20.60546875)
(1184.0|20.56640625)
(1185.0|20.56640625)
(1187.0|20.56640625)
(1189.0|20.66015625)
(1190.0|20.66015625)
(1192.0|20.66015625)
(1193.0|20.66015625)
(1195.0|20.66015625)
(1196.0|20.66015625)
(1197.0|20.66015625)
(1198.0|20.66015625)
(1199.0|20.66015625)
(1201.0|20.66015625)
(1203.0|20.66015625)
(1204.0|20.66015625)
(1206.0|20.66015625)
(1208.0|20.66015625)
(1208.0|20.66015625)
(1210.0|20.66015625)
(1212.0|20.66015625)
(1212.0|20.66015625)
(1214.0|20.66015625)
(1216.0|20.66015625)
(1217.0|20.66015625)
(1219.0|20.66015625)
(1220.0|20.66015625)
(1222.0|20.66015625)
(1224.0|20.66015625)
(1225.0|20.66015625)
(1227.0|20.66015625)
(1228.0|20.66015625)
(1229.0|20.66015625)
(1230.0|20.66015625)
(1232.0|20.66015625)
(1233.0|20.66015625)
(1235.0|20.66015625)
(1236.0|20.66015625)
(1238.0|20.66015625)
(1239.0|20.66015625)
(1241.0|20.66015625)
(1242.0|20.66015625)
(1243.0|20.63671875)
(1245.0|20.63671875)
(1247.0|20.63671875)
(1248.0|20.48046875)
(1250.0|20.48046875)
(1251.0|20.48046875)
(1252.0|20.48046875)
(1254.0|20.48046875)
(1255.0|20.48046875)
(1256.0|20.48046875)
(1258.0|20.48046875)
(1259.0|20.48046875)
(1261.0|20.48046875)
(1263.0|20.48046875)
(1264.0|20.48046875)
(1266.0|20.48046875)
(1267.0|20.48046875)
(1269.0|20.48046875)
(1270.0|20.48046875)
(1272.0|20.48046875)
(1274.0|20.48046875)
(1275.0|20.48046875)
(1276.0|20.48046875)
(1278.0|20.48046875)
(1279.0|20.48046875)
(1281.0|20.48046875)
(1283.0|20.48046875)
(1284.0|20.48046875)
(1286.0|20.48046875)
(1287.0|20.48046875)
(1289.0|20.48046875)
(1290.0|20.48046875)
(1291.0|20.48046875)
(1293.0|20.48046875)
(1294.0|20.48046875)
(1295.0|20.48046875)
(1297.0|20.48046875)
(1299.0|20.48046875)
(1300.0|20.48046875)
(1301.0|20.48046875)
(1302.0|20.48046875)
(1304.0|20.59765625)
(1306.0|20.59765625)
(1307.0|20.59765625)
(1308.0|20.54296875)
(1310.0|20.54296875)
(1311.0|20.54296875)
(1313.0|20.54296875)
(1314.0|20.54296875)
(1315.0|20.54296875)
(1317.0|20.54296875)
(1318.0|20.54296875)
(1320.0|20.54296875)
(1321.0|20.54296875)
(1322.0|20.54296875)
(1324.0|20.54296875)
(1325.0|20.54296875)
(1327.0|20.54296875)
(1330.0|20.54296875)
(1330.0|20.54296875)
(1332.0|20.54296875)
(1336.0|20.54296875)
(1336.0|20.54296875)
(1337.0|20.54296875)
(1338.0|20.54296875)
(1339.0|20.54296875)
(1341.0|20.54296875)
(1342.0|20.54296875)
(1345.0|20.54296875)
(1348.0|20.54296875)
(1349.0|20.54296875)
(1351.0|20.54296875)
(1353.0|20.54296875)
(1355.0|20.54296875)
(1361.0|20.54296875)
(1361.0|20.54296875)
(1362.0|20.54296875)
(1363.0|20.51953125)
(1365.0|20.51953125)
(1366.0|20.51953125)
(1367.0|20.51953125)
(1368.0|20.5078125)
(1370.0|20.5078125)
(1371.0|20.5078125)
(1372.0|20.1640625)
(1374.0|20.1640625)
(1376.0|20.1640625)
(1378.0|20.4140625)
(1380.0|20.4140625)
(1381.0|20.4140625)
(1383.0|20.4140625)
(1385.0|20.4140625)
(1387.0|20.4140625)
(1388.0|20.4140625)
(1389.0|20.4140625)
(1390.0|20.4140625)
(1391.0|20.4140625)
(1393.0|20.4140625)
(1394.0|20.4140625)
(1396.0|20.4140625)
(1397.0|20.5390625)
(1398.0|20.5390625)
(1400.0|20.5390625)
(1402.0|20.5390625)
(1404.0|20.5390625)
(1405.0|20.5390625)
(1406.0|20.5390625)
(1408.0|20.5390625)
(1409.0|20.5390625)
(1411.0|20.5390625)
(1412.0|20.5390625)
(1414.0|20.5390625)
(1416.0|20.5390625)
(1418.0|20.5390625)
(1419.0|20.5390625)
(1421.0|20.5390625)
(1422.0|20.5390625)
(1423.0|20.5390625)
(1425.0|20.51953125)
(1426.0|20.51953125)
(1427.0|20.51953125)
(1428.0|20.359375)
(1429.0|20.359375)
(1430.0|20.359375)
(1432.0|20.359375)
(1434.0|20.359375)
(1436.0|20.359375)
(1437.0|20.359375)
(1438.0|20.359375)
(1439.0|20.359375)
(1441.0|20.359375)
(1442.0|20.359375)
(1443.0|20.359375)
(1444.0|20.359375)
(1446.0|20.359375)
(1447.0|20.359375)
(1449.0|20.359375)
(1451.0|20.359375)
(1453.0|20.359375)
(1454.0|20.359375)
(1455.0|20.359375)
(1456.0|20.359375)
(1457.0|20.359375)
(1458.0|20.359375)
(1460.0|20.359375)
(1462.0|20.359375)
(1463.0|20.359375)
(1465.0|20.359375)
(1467.0|20.359375)
(1469.0|20.359375)
(1471.0|20.359375)
(1472.0|20.359375)
(1473.0|20.359375)
(1474.0|20.359375)
(1476.0|20.359375)
(1478.0|20.359375)
(1479.0|20.359375)
(1481.0|20.359375)
(1483.0|20.359375)
(1484.0|20.4453125)
(1486.0|20.4453125)
(1487.0|20.4453125)
(1489.0|20.5234375)
(1490.0|20.5234375)
(1492.0|20.5234375)
(1494.0|20.5234375)
(1495.0|20.5234375)
(1497.0|20.5234375)
(1499.0|20.5234375)
(1500.0|20.5234375)
(1502.0|20.5234375)
(1504.0|20.5234375)
(1505.0|20.5234375)
(1507.0|20.5234375)
(1509.0|20.5234375)
(1510.0|20.5234375)
(1511.0|20.5234375)
(1513.0|20.5234375)
(1514.0|20.5234375)
(1516.0|20.5234375)
(1517.0|20.5234375)
(1518.0|20.5234375)
(1520.0|20.5234375)
(1522.0|20.453125)
(1524.0|20.453125)
(1525.0|20.453125)
(1527.0|20.453125)
(1528.0|20.453125)
(1530.0|20.453125)
(1531.0|20.453125)
(1532.0|20.453125)
(1533.0|20.453125)
(1535.0|20.453125)
(1536.0|20.453125)
(1538.0|20.453125)
(1539.0|20.453125)
(1541.0|20.453125)
(1542.0|20.453125)
(1544.0|20.40234375)
(1546.0|20.40234375)
(1547.0|20.40234375)
(1548.0|20.37890625)
(1550.0|20.37890625)
(1551.0|20.37890625)
(1553.0|20.37890625)
(1554.0|20.37890625)
(1555.0|20.37890625)
(1557.0|20.37890625)
(1559.0|20.37890625)
(1560.0|20.37890625)
(1561.0|20.37890625)
(1563.0|20.37890625)
(1564.0|20.37890625)
(1565.0|20.37890625)
(1567.0|20.37890625)
(1568.0|20.37890625)
(1570.0|20.37890625)
(1572.0|20.37890625)
(1573.0|20.37890625)
(1575.0|20.37890625)
(1577.0|20.37890625)
(1578.0|20.37890625)
(1580.0|20.37890625)
(1581.0|20.37890625)
(1582.0|20.37890625)
(1584.0|20.37890625)
(1586.0|20.37890625)
(1587.0|20.37890625)
(1589.0|20.37890625)
(1591.0|20.37890625)
(1593.0|20.37890625)
(1595.0|20.37890625)
(1596.0|20.37890625)
(1597.0|20.37890625)
(1598.0|20.37890625)
(1601.0|20.37890625)
(1602.0|20.37890625)
(1603.0|20.47265625)
(1604.0|20.30078125)
(1606.0|20.30078125)
(1607.0|20.30078125)
(1608.0|20.375)
(1610.0|20.375)
(1611.0|20.375)
(1613.0|20.375)
(1614.0|20.375)
(1616.0|20.375)
(1618.0|20.375)
(1620.0|20.375)
(1621.0|20.375)
(1623.0|20.375)
