(0.0|0.0)
(6.165228113440197E-4|0.017259978425026967)
(0.0018495684340320592|0.061488673139158574)
(0.0030826140567200987|0.05285868392664509)
(0.0036991368680641184|0.07011866235167206)
(0.004932182490752158|0.07011866235167206)
(0.005548705302096177|0.06418554476806904)
(0.006781750924784217|0.6839266450916937)
(0.007398273736128237|0.7529665587918015)
(0.008631319358816275|0.924487594390507)
(0.009864364981504316|0.9395900755124056)
(0.011097410604192354|0.9201725997842503)
(0.011713933415536375|0.9201725997842503)
(0.012330456226880395|0.9379719525350594)
(0.013563501849568433|0.9379719525350594)
(0.014180024660912454|0.9379719525350594)
(0.015413070283600493|0.9223300970873787)
(0.016646115906288533|0.9223300970873787)
(0.017879161528976572|0.9223300970873787)
(0.01911220715166461|0.9228694714131608)
(0.01972872996300863|0.9228694714131608)
(0.02096177558569667|0.9406688241639698)
(0.02157829839704069|0.9239482200647249)
(0.02219482120838471|0.9239482200647249)
(0.02281134401972873|0.924487594390507)
(0.02404438964241677|0.924487594390507)
(0.02527743526510481|0.9298813376483279)
(0.025893958076448828|0.9298813376483279)
(0.027127003699136867|0.9298813376483279)
(0.027743526510480888|0.9298813376483279)
(0.028976572133168926|0.9298813376483279)
(0.029593094944512947|0.9255663430420712)
(0.030826140567200986|0.9255663430420712)
(0.031442663378545004|0.9255663430420712)
(0.032059186189889025|0.9428263214670982)
(0.03329223181257707|0.9261057173678533)
(0.03390875462392109|0.9261057173678533)
(0.03514180024660912|0.9261057173678533)
(0.035758323057953144|0.9261057173678533)
(0.036374845869297165|0.9261057173678533)
(0.0376078914919852|0.9261057173678533)
(0.03884093711467324|0.9261057173678533)
(0.03945745992601726|0.9261057173678533)
(0.040690505548705305|0.9266450916936354)
(0.04130702836004932|0.9266450916936354)
(0.04254007398273736|0.9266450916936354)
(0.04315659679408138|0.9439050701186623)
(0.043773119605425403|0.9439050701186623)
(0.04500616522811344|0.9439050701186623)
(0.04562268803945746|0.9439050701186623)
(0.04623921085080148|0.9439050701186623)
(0.047472256473489516|0.9568500539374326)
(0.04808877928483354|0.9568500539374326)
(0.04932182490752158|0.9401294498381877)
(0.05055487053020962|0.9401294498381877)
(0.051171393341553635|0.9401294498381877)
(0.05240443896424168|0.9277238403451996)
(0.05363748458692972|0.9449838187702265)
(0.05425400739827373|0.9449838187702265)
(0.054870530209617754|0.9282632146709816)
(0.056103575832305796|0.9282632146709816)
(0.05672009864364982|0.9455231930960086)
(0.05795314426633785|0.9288025889967637)
(0.059186189889025895|0.9288025889967637)
(0.06041923551171394|0.9288025889967637)
(0.06103575832305795|0.941747572815534)
(0.06226880394574599|0.9390507011866235)
(0.06350184956843404|0.9390507011866235)
(0.06411837237977805|0.9390507011866235)
(0.06473489519112208|0.9390507011866235)
(0.06535141800246609|0.9390507011866235)
(0.06658446362515413|0.9390507011866235)
(0.06720098643649815|0.9390507011866235)
(0.06843403205918619|0.9563106796116505)
(0.06966707768187423|0.9563106796116505)
(0.07028360049321825|0.9395900755124056)
(0.07151664611590629|0.9395900755124056)
(0.0721331689272503|0.9471413160733549)
(0.07274969173859433|0.9471413160733549)
(0.07336621454993834|0.93042071197411)
(0.07459926017262639|0.93042071197411)
(0.0752157829839704|0.947680690399137)
(0.07583230579531443|0.9325782092772384)
(0.07706535141800247|0.9325782092772384)
(0.07768187422934648|0.9325782092772384)
(0.07829839704069051|0.9325782092772384)
(0.07953144266337854|0.9498381877022654)
(0.08076448828606658|0.9498381877022654)
(0.08199753390875462|0.9331175836030206)
(0.08323057953144267|0.9331175836030206)
(0.08384710234278668|0.9503775620280475)
(0.08446362515413071|0.9509169363538296)
(0.08569667077681874|0.9374325782092773)
(0.08631319358816276|0.9374325782092773)
(0.08754623921085081|0.9374325782092773)
(0.08877928483353884|0.9336569579288025)
(0.08939580764488286|0.9336569579288025)
(0.0906288532675709|0.9336569579288025)
(0.09124537607891492|0.9336569579288025)
(0.09247842170160296|0.9336569579288025)
(0.09309494451294698|0.9336569579288025)
(0.093711467324291|0.9336569579288025)
(0.09494451294697903|0.9336569579288025)
(0.09556103575832306|0.9509169363538296)
(0.0967940813810111|0.9341963322545846)
(0.09741060419235512|0.9341963322545846)
(0.09864364981504316|0.9374325782092773)
(0.09926017262638717|0.9374325782092773)
(0.10049321824907521|0.9374325782092773)
(0.10110974106041924|0.9374325782092773)
(0.10234278668310727|0.9374325782092773)
(0.10357583230579531|0.9374325782092773)
(0.10419235511713934|0.9374325782092773)
(0.10542540073982737|0.9374325782092773)
(0.10665844636251541|0.9347357065803668)
(0.10727496917385944|0.9352750809061489)
(0.10850801479654747|0.9352750809061489)
(0.10974106041923551|0.9352750809061489)
(0.11035758323057954|0.9352750809061489)
(0.11159062885326756|0.9352750809061489)
(0.11282367447595561|0.9363538295577131)
(0.11344019728729964|0.9363538295577131)
(0.11405672009864365|0.95361380798274)
(0.11528976572133169|0.95361380798274)
(0.1159062885326757|0.95361380798274)
(0.11652281134401973|0.95361380798274)
(0.11775585696670776|0.95361380798274)
(0.11837237977805179|0.95361380798274)
(0.1189889025893958|0.9368932038834952)
(0.12022194821208385|0.9368932038834952)
(0.12083847102342787|0.9368932038834952)
(0.1220715166461159|0.9514563106796117)
(0.12268803945745993|0.9514563106796117)
(0.12392108508014797|0.9514563106796117)
(0.12453760789149199|0.9514563106796117)
(0.12515413070283601|0.9374325782092773)
(0.12638717632552404|0.9546925566343042)
(0.12762022194821207|0.9546925566343042)
(0.12885326757090013|0.9546925566343042)
(0.12946979038224415|0.9390507011866235)
(0.13070283600493218|0.9390507011866235)
(0.1313193588162762|0.9390507011866235)
(0.1319358816276202|0.9390507011866235)
(0.13316892725030827|0.9390507011866235)
(0.1337854500616523|0.9563106796116505)
(0.13501849568434032|0.9568500539374326)
(0.13625154130702835|0.9401294498381877)
(0.1374845869297164|0.9401294498381877)
(0.13871763255240444|0.9406688241639698)
(0.13933415536374846|0.9406688241639698)
(0.1399506781750925|0.9406688241639698)
(0.14118372379778052|0.9406688241639698)
(0.14241676942046855|0.9579288025889967)
(0.14303329223181258|0.9579288025889967)
(0.1442663378545006|0.9579288025889967)
(0.14549938347718866|0.9579288025889967)
(0.1467324290998767|0.9579288025889967)
(0.14734895191122072|0.9579288025889967)
(0.14858199753390874|0.9579288025889967)
(0.1498150431565968|0.9579288025889967)
(0.1504315659679408|0.9579288025889967)
(0.15104808877928483|0.9579288025889967)
(0.15228113440197288|0.9579288025889967)
(0.1535141800246609|0.9579288025889967)
(0.15413070283600494|0.9579288025889967)
(0.15536374845869297|0.9579288025889967)
(0.155980271270037|0.9579288025889967)
(0.15721331689272502|0.9579288025889967)
(0.15782983970406905|0.9579288025889967)
(0.15906288532675708|0.9444444444444444)
(0.1596794081381011|0.9428263214670982)
(0.16091245376078914|0.9428263214670982)
(0.16152897657213316|0.9600862998921251)
(0.16276202219482122|0.9590075512405609)
(0.16337854500616522|0.9590075512405609)
(0.16461159062885328|0.9590075512405609)
(0.16522811344019728|0.9590075512405609)
(0.16646115906288533|0.9428263214670982)
(0.16769420468557336|0.9428263214670982)
(0.1683107274969174|0.9428263214670982)
(0.16954377311960542|0.9428263214670982)
(0.17077681874229347|0.9428263214670982)
(0.1720098643649815|0.9724919093851133)
(0.17262638717632553|0.9724919093851133)
(0.17385943279901356|0.9724919093851133)
(0.17447595561035759|0.9563106796116505)
(0.17509247842170161|0.9433656957928802)
(0.17632552404438964|0.9433656957928802)
(0.17694204685573367|0.9433656957928802)
(0.17755856966707767|0.9433656957928802)
(0.17879161528976573|0.9433656957928802)
(0.17940813810110975|0.9433656957928802)
(0.18002466091245375|0.9433656957928802)
(0.1812577065351418|0.9433656957928802)
(0.18249075215782984|0.9433656957928802)
(0.18310727496917387|0.9433656957928802)
(0.18372379778051787|0.9606256742179072)
(0.18495684340320592|0.9606256742179072)
(0.18557336621454995|0.9606256742179072)
(0.18680641183723798|0.9606256742179072)
(0.187422934648582|0.9606256742179072)
(0.188039457459926|0.9606256742179072)
(0.18865598027127004|0.9444444444444444)
(0.18988902589395806|0.9444444444444444)
(0.19112207151664612|0.9444444444444444)
(0.19173859432799015|0.9444444444444444)
(0.19297163995067818|0.9617044228694714)
(0.1942046855733662|0.9617044228694714)
(0.19543773119605426|0.9741100323624595)
(0.1960542540073983|0.9617044228694714)
(0.19728729963008632|0.9617044228694714)
(0.19790382244143034|0.9617044228694714)
(0.19852034525277434|0.9617044228694714)
(0.1997533908754624|0.9617044228694714)
(0.2003699136868064|0.9789644012944984)
(0.20160295930949446|0.9627831715210357)
(0.20221948212083848|0.9627831715210357)
(0.2034525277435265|0.9627831715210357)
(0.20406905055487054|0.9460625674217907)
(0.20530209617755857|0.9460625674217907)
(0.2059186189889026|0.9460625674217907)
(0.2065351418002466|0.9460625674217907)
(0.20776818742293465|0.9460625674217907)
(0.20838471023427868|0.9460625674217907)
(0.2096177558569667|0.959546925566343)
(0.21085080147965474|0.9514563106796117)
(0.2120838471023428|0.9514563106796117)
(0.2127003699136868|0.9514563106796117)
(0.21331689272503082|0.9514563106796117)
(0.21454993834771888|0.9514563106796117)
(0.21516646115906288|0.9687162891046386)
(0.21639950678175093|0.9519956850053938)
(0.21701602959309493|0.9519956850053938)
(0.218249075215783|0.9692556634304207)
(0.21948212083847102|0.9692556634304207)
(0.22009864364981505|0.9530744336569579)
(0.22133168927250307|0.9530744336569579)
(0.2219482120838471|0.9530744336569579)
(0.22256473489519113|0.948220064724919)
(0.22379778051787916|0.948220064724919)
(0.22441430332922319|0.948220064724919)
(0.22564734895191121|0.948220064724919)
(0.22688039457459927|0.948220064724919)
(0.22749691738594327|0.948220064724919)
(0.22872996300863133|0.948220064724919)
(0.22934648581997533|0.948220064724919)
(0.22996300863131935|0.948220064724919)
(0.23057953144266338|0.948220064724919)
(0.2318125770653514|0.948220064724919)
(0.23304562268803947|0.9617044228694714)
(0.23366214549938347|0.9617044228694714)
(0.23489519112207152|0.9498381877022654)
(0.23551171393341552|0.9670981661272924)
(0.23674475955610358|0.9503775620280475)
(0.2379778051787916|0.9503775620280475)
(0.23921085080147966|0.9503775620280475)
(0.2404438964241677|0.9503775620280475)
(0.24106041923551172|0.9503775620280475)
(0.24167694204685575|0.9503775620280475)
(0.24290998766954378|0.9503775620280475)
(0.2435265104808878|0.9503775620280475)
(0.2441430332922318|0.9503775620280475)
(0.24537607891491986|0.9503775620280475)
(0.2466091245376079|0.9622437971952535)
(0.24784217016029594|0.9622437971952535)
(0.24845869297163994|0.9622437971952535)
(0.249691738594328|0.9503775620280475)
(0.25030826140567203|0.9503775620280475)
(0.25154130702836003|0.9503775620280475)
(0.2521578298397041|0.9503775620280475)
(0.2527743526510481|0.9503775620280475)
(0.25400739827373614|0.9503775620280475)
(0.25462392108508014|0.9503775620280475)
(0.2558569667077682|0.9503775620280475)
(0.2564734895191122|0.9503775620280475)
(0.25770653514180025|0.9503775620280475)
(0.25832305795314425|0.9503775620280475)
(0.2595561035758323|0.9503775620280475)
(0.26078914919852036|0.9503775620280475)
(0.26140567200986436|0.9503775620280475)
(0.2626387176325524|0.9503775620280475)
(0.2632552404438964|0.9503775620280475)
(0.2638717632552404|0.9503775620280475)
(0.2651048088779285|0.9503775620280475)
(0.2657213316892725|0.9676375404530745)
(0.26695437731196053|0.9676375404530745)
(0.2675709001233046|0.9676375404530745)
(0.2681874229346486|0.9676375404530745)
(0.26942046855733665|0.9670981661272924)
(0.27065351418002465|0.9633225458468176)
(0.2712700369913687|0.9633225458468176)
(0.2718865598027127|0.9633225458468176)
(0.2725030826140567|0.9687162891046386)
(0.27373612823674476|0.9687162891046386)
(0.27435265104808876|0.9687162891046386)
(0.2755856966707768|0.9687162891046386)
(0.2762022194821208|0.9519956850053938)
(0.27743526510480887|0.9519956850053938)
(0.27805178791615287|0.9519956850053938)
(0.2786683107274969|0.9519956850053938)
(0.279901356350185|0.9519956850053938)
(0.281134401972873|0.9692556634304207)
(0.28175092478421704|0.9692556634304207)
(0.28236744759556104|0.9530744336569579)
(0.2836004932182491|0.9730312837108953)
(0.2842170160295931|0.9730312837108953)
(0.28545006165228115|0.9681769147788565)
(0.28668310727496915|0.9681769147788565)
(0.2872996300863132|0.9681769147788565)
(0.2879161528976572|0.9681769147788565)
(0.2885326757090012|0.988673139158576)
(0.28976572133168926|0.988673139158576)
(0.2903822441430333|0.988673139158576)
(0.2909987669543773|0.9724919093851133)
(0.2922318125770654|0.9557713052858684)
(0.2934648581997534|0.9557713052858684)
(0.29469790382244143|0.9557713052858684)
(0.2959309494451295|0.9557713052858684)
(0.2965474722564735|0.9557713052858684)
(0.2971639950678175|0.9557713052858684)
(0.29778051787916154|0.9557713052858684)
(0.29901356350184954|0.9557713052858684)
(0.2996300863131936|0.9557713052858684)
(0.3008631319358816|0.9557713052858684)
(0.30147965474722566|0.9730312837108953)
(0.3027127003699137|0.9730312837108953)
(0.3033292231812577|0.9563106796116505)
(0.30456226880394577|0.9563106796116505)
(0.30517879161528977|0.9563106796116505)
(0.30579531442663377|0.9568500539374326)
(0.3070283600493218|0.9697950377562028)
(0.3082614056720099|0.9670981661272924)
(0.3088779284833539|0.9568500539374326)
(0.31011097410604194|0.9568500539374326)
(0.31072749691738594|0.9568500539374326)
(0.31134401972872994|0.9568500539374326)
(0.312577065351418|0.9568500539374326)
(0.31319358816276205|0.9568500539374326)
(0.31381011097410605|0.9568500539374326)
(0.3150431565967941|0.9568500539374326)
(0.3156596794081381|0.9568500539374326)
(0.31689272503082616|0.9568500539374326)
(0.31812577065351416|0.9568500539374326)
(0.3187422934648582|0.9568500539374326)
(0.3199753390875462|0.9719525350593312)
(0.3212083847102343|0.9697950377562028)
(0.3218249075215783|0.9568500539374326)
(0.32244143033292233|0.9568500539374326)
(0.32367447595561033|0.9741100323624595)
(0.3249075215782984|0.9741100323624595)
(0.32614056720098644|0.9741100323624595)
(0.32675709001233044|0.9579288025889967)
(0.3273736128236745|0.9579288025889967)
(0.3286066584463625|0.9579288025889967)
(0.32922318125770655|0.9579288025889967)
(0.33045622688039455|0.9579288025889967)
(0.3310727496917386|0.9579288025889967)
(0.3323057953144266|0.9579288025889967)
(0.33353884093711467|0.9579288025889967)
(0.33415536374845867|0.9579288025889967)
(0.3353884093711467|0.9579288025889967)
(0.3360049321824908|0.9579288025889967)
(0.3372379778051788|0.9579288025889967)
(0.33785450061652283|0.9579288025889967)
(0.33847102342786684|0.9579288025889967)
(0.3397040690505549|0.9579288025889967)
(0.3403205918618989|0.9579288025889967)
(0.34155363748458695|0.9579288025889967)
(0.34278668310727495|0.9579288025889967)
(0.343403205918619|0.97680690399137)
(0.344636251541307|0.97680690399137)
(0.34525277435265106|0.9606256742179072)
(0.34648581997533906|0.9606256742179072)
(0.3471023427866831|0.9606256742179072)
(0.3477188655980271|0.9606256742179072)
(0.34895191122071517|0.9606256742179072)
(0.34956843403205917|0.9606256742179072)
(0.35080147965474723|0.9606256742179072)
(0.3520345252774353|0.9606256742179072)
(0.3526510480887793|0.9606256742179072)
(0.35388409371146734|0.9751887810140237)
(0.35511713933415534|0.9751887810140237)
(0.3557336621454994|0.9751887810140237)
(0.3569667077681874|0.9881337648327939)
(0.35758323057953145|0.9746494066882416)
(0.35819975339087545|0.9746494066882416)
(0.3594327990135635|0.9746494066882416)
(0.36066584463625156|0.9746494066882416)
(0.36128236744759556|0.9746494066882416)
(0.36189889025893957|0.9746494066882416)
(0.3631319358816276|0.9746494066882416)
(0.3637484586929716|0.9600862998921251)
(0.3649815043156597|0.9600862998921251)
(0.36621454993834773|0.9600862998921251)
(0.36683107274969173|0.9600862998921251)
(0.3680641183723798|0.9600862998921251)
(0.3692971639950678|0.9600862998921251)
(0.37053020961775585|0.9600862998921251)
(0.3711467324290999|0.9600862998921251)
(0.3717632552404439|0.9600862998921251)
(0.37299630086313196|0.9600862998921251)
(0.37361282367447596|0.9600862998921251)
(0.37422934648581996|0.9600862998921251)
(0.375462392108508|0.9600862998921251)
(0.376078914919852|0.9600862998921251)
(0.37731196054254007|0.9600862998921251)
(0.37792848335388407|0.9600862998921251)
(0.3791615289765721|0.9600862998921251)
(0.3797780517879161|0.9600862998921251)
(0.3810110974106042|0.9735706580366774)
(0.38162762022194824|0.9611650485436893)
(0.38286066584463624|0.9611650485436893)
(0.3834771886559803|0.9611650485436893)
(0.3840937114673243|0.9600862998921251)
(0.38532675709001235|0.9600862998921251)
(0.38655980271270035|0.9773462783171522)
(0.3871763255240444|0.9773462783171522)
(0.3884093711467324|0.9606256742179072)
(0.38902589395807646|0.9778856526429341)
(0.39025893958076446|0.9778856526429341)
(0.3908754623921085|0.9611650485436893)
(0.3921085080147966|0.9611650485436893)
(0.3927250308261406|0.9611650485436893)
(0.39395807644882863|0.9611650485436893)
(0.39457459926017263|0.9762675296655879)
(0.39519112207151663|0.9762675296655879)
(0.3964241676942047|0.9611650485436893)
(0.39765721331689274|0.9611650485436893)
(0.39827373612823674|0.9611650485436893)
(0.39889025893958074|0.9611650485436893)
(0.4001233045622688|0.9611650485436893)
(0.4007398273736128|0.9611650485436893)
(0.40135635018495686|0.9611650485436893)
(0.40258939580764486|0.9611650485436893)
(0.4038224414303329|0.9611650485436893)
(0.40443896424167697|0.9611650485436893)
(0.40567200986436497|0.9611650485436893)
(0.406288532675709|0.9784250269687162)
(0.406905055487053|0.9956850053937433)
(0.4081381011097411|0.9956850053937433)
(0.4087546239210851|0.9789644012944984)
(0.40998766954377314|0.9789644012944984)
(0.41060419235511714|0.9789644012944984)
(0.4118372379778052|0.9633225458468176)
(0.4124537607891492|0.9633225458468176)
(0.4130702836004932|0.9633225458468176)
(0.41430332922318125|0.9805825242718447)
(0.4155363748458693|0.9638619201725998)
(0.41676942046855736|0.9638619201725998)
(0.41738594327990136|0.9800431499460626)
(0.4186189889025894|0.9800431499460626)
(0.4192355117139334|0.9800431499460626)
(0.4198520345252774|0.9800431499460626)
(0.4204685573366215|0.964940668824164)
(0.4217016029593095|0.964940668824164)
(0.42293464858199753|0.964940668824164)
(0.42355117139334153|0.964940668824164)
(0.4241676942046856|0.964940668824164)
(0.4247842170160296|0.982200647249191)
(0.42601726263871764|0.9994606256742179)
(0.4272503082614057|0.982740021574973)
(0.4278668310727497|1.0)
(0.42909987669543775|1.0)
(0.42971639950678175|0.9832793959007551)
(0.4309494451294698|0.9832793959007551)
(0.4315659679408138|0.9865156418554477)
(0.43279901356350187|0.970873786407767)
(0.43403205918618987|0.970873786407767)
(0.4352651048088779|0.970873786407767)
(0.4358816276202219|0.970873786407767)
(0.43711467324291|0.2740021574973031)
(0.43773119605425403|0.2740021574973031)
(0.43896424167694204|0.2702265372168285)
(0.4395807644882861|0.2702265372168285)
(0.4408138101109741|0.2702265372168285)
(0.44143033292231815|0.2702265372168285)
(0.44266337854500615|0.2702265372168285)
(0.4432799013563502|0.2702265372168285)
(0.4438964241676942|0.2702265372168285)
(0.44512946979038226|0.2702265372168285)
(0.44636251541307026|0.2702265372168285)
(0.4469790382244143|0.2702265372168285)
(0.4482120838471023|0.2702265372168285)
(0.44882860665844637|0.28748651564185546)
(0.44944512946979037|0.28748651564185546)
(0.45067817509247843|0.28748651564185546)
(0.4519112207151665|0.28748651564185546)
(0.4525277435265105|0.28748651564185546)
(0.45376078914919854|0.28748651564185546)
(0.45437731196054254|0.2837108953613808)
(0.4556103575832306|0.2837108953613808)
(0.4562268803945746|0.2837108953613808)
(0.4568434032059186|0.28047464940668826)
(0.45745992601726265|0.28047464940668826)
(0.45869297163995065|0.28047464940668826)
(0.4599260172626387|0.2707659115426106)
(0.46115906288532676|0.2707659115426106)
(0.46177558569667077|0.2707659115426106)
(0.4623921085080148|0.2707659115426106)
(0.4636251541307028|0.2707659115426106)
(0.4648581997533909|0.2707659115426106)
(0.4654747225647349|0.2707659115426106)
(0.46670776818742293|0.2707659115426106)
(0.467940813810111|0.2707659115426106)
(0.468557336621455|0.2837108953613808)
(0.469173859432799|0.2837108953613808)
(0.46979038224414305|0.2837108953613808)
(0.47102342786683105|0.27130528586839264)
(0.4716399506781751|0.27130528586839264)
(0.47287299630086316|0.27130528586839264)
(0.47348951911220716|0.27130528586839264)
(0.47410604192355116|0.27130528586839264)
(0.4747225647348952|0.27130528586839264)
(0.4759556103575832|0.27130528586839264)
(0.47657213316892727|0.27130528586839264)
(0.47780517879161527|0.27130528586839264)
(0.4784217016029593|0.27130528586839264)
(0.4796547472256473|0.27130528586839264)
(0.4808877928483354|0.27184466019417475)
(0.4815043156596794|0.27184466019417475)
(0.48273736128236744|0.27184466019417475)
(0.4833538840937115|0.27184466019417475)
(0.4839704069050555|0.27184466019417475)
(0.48520345252774355|0.2891046386192017)
(0.48581997533908755|0.2891046386192017)
(0.4870530209617756|0.2891046386192017)
(0.4882860665844636|0.2891046386192017)
(0.48951911220715166|0.27238403451995685)
(0.49013563501849566|0.2896440129449838)
(0.4913686806411837|0.2901833872707659)
(0.4926017262638718|0.2761596548004315)
(0.4938347718865598|0.2761596548004315)
(0.49445129469790383|0.2761596548004315)
(0.4956843403205919|0.27346278317152106)
(0.4963008631319359|0.29072276159654803)
(0.4969173859432799|0.29072276159654803)
(0.49815043156596794|0.29072276159654803)
(0.49876695437731194|0.2740021574973031)
(0.5|0.2740021574973031)
(0.501233045622688|0.2740021574973031)
(0.5018495684340321|0.2740021574973031)
(0.5024660912453761|0.2740021574973031)
(0.5036991368680641|0.2740021574973031)
(0.5049321824907521|0.30528586839266453)
(0.5061652281134402|0.30528586839266453)
(0.5067817509247842|0.30528586839266453)
(0.5080147965474723|0.2901833872707659)
(0.5086313193588162|0.2901833872707659)
(0.5098643649815043|0.2901833872707659)
(0.5104808877928483|0.2901833872707659)
(0.5110974106041923|0.2901833872707659)
(0.5123304562268804|0.2901833872707659)
(0.5129469790382244|0.2901833872707659)
(0.5141800246609125|0.2901833872707659)
(0.5147965474722564|0.2901833872707659)
(0.5160295930949446|0.2901833872707659)
(0.5172626387176326|0.2901833872707659)
(0.5184956843403206|0.2901833872707659)
(0.5191122071516646|0.2750809061488673)
(0.5203452527743526|0.2750809061488673)
(0.5215782983970407|0.2750809061488673)
(0.5221948212083847|0.2750809061488673)
(0.5234278668310728|0.2750809061488673)
(0.5240443896424167|0.2750809061488673)
(0.5252774352651048|0.2750809061488673)
(0.5258939580764488|0.2750809061488673)
(0.5271270036991369|0.2750809061488673)
(0.5283600493218249|0.2750809061488673)
(0.528976572133169|0.2750809061488673)
(0.5295930949445129|0.2750809061488673)
(0.530826140567201|0.2750809061488673)
(0.531442663378545|0.2750809061488673)
(0.5326757090012331|0.2750809061488673)
(0.5339087546239211|0.2750809061488673)
(0.5345252774352651|0.26105717367853293)
(0.5357583230579531|0.26105717367853293)
(0.5363748458692972|0.26105717367853293)
(0.5376078914919852|0.26105717367853293)
(0.5382244143033292|0.26105717367853293)
(0.5394574599260172|0.26105717367853293)
(0.5400739827373613|0.26105717367853293)
(0.5406905055487053|0.26105717367853293)
(0.5413070283600493|0.26105717367853293)
(0.5425400739827374|0.2928802588996764)
(0.5431565967940813|0.2928802588996764)
(0.5437731196054254|0.2772384034519957)
(0.5450061652281134|0.29449838187702265)
(0.5456226880394575|0.29449838187702265)
(0.5468557336621455|0.2777777777777778)
(0.5474722564734895|0.2777777777777778)
(0.5487053020961775|0.2777777777777778)
(0.5493218249075216|0.2777777777777778)
(0.5499383477188656|0.2777777777777778)
(0.5511713933415536|0.2777777777777778)
(0.5524044389642416|0.2621359223300971)
(0.5530209617755857|0.2621359223300971)
(0.5542540073982737|0.2621359223300971)
(0.5548705302096177|0.2621359223300971)
(0.5554870530209618|0.2621359223300971)
(0.5561035758323057|0.2621359223300971)
(0.5573366214549939|0.2621359223300971)
(0.5579531442663379|0.2621359223300971)
(0.5591861898890259|0.2621359223300971)
(0.55980271270037|0.2621359223300971)
(0.5604192355117139|0.2621359223300971)
(0.561652281134402|0.2621359223300971)
(0.56288532675709|0.2621359223300971)
(0.5635018495684341|0.2621359223300971)
(0.564118372379778|0.2621359223300971)
(0.5647348951911221|0.2621359223300971)
(0.5659679408138101|0.2761596548004315)
(0.5672009864364982|0.2761596548004315)
(0.5678175092478421|0.2691477885652643)
(0.5684340320591862|0.2691477885652643)
(0.5696670776818742|0.2621359223300971)
(0.5709001233045623|0.2621359223300971)
(0.5721331689272503|0.2621359223300971)
(0.5727496917385944|0.2621359223300971)
(0.5733662145499383|0.2621359223300971)
(0.5745992601726264|0.2621359223300971)
(0.5758323057953144|0.2621359223300971)
(0.5764488286066585|0.2621359223300971)
(0.5776818742293465|0.2621359223300971)
(0.5789149198520345|0.2621359223300971)
(0.5795314426633785|0.2815533980582524)
(0.5801479654747226|0.2777777777777778)
(0.5813810110974106|0.2777777777777778)
(0.5819975339087546|0.2777777777777778)
(0.5826140567200987|0.2621359223300971)
(0.5838471023427867|0.2621359223300971)
(0.5844636251541308|0.2621359223300971)
(0.5850801479654747|0.2621359223300971)
(0.5863131935881628|0.2621359223300971)
(0.5875462392108508|0.2621359223300971)
(0.5881627620221949|0.2621359223300971)
(0.5887792848335388|0.2621359223300971)
(0.5893958076448829|0.2621359223300971)
(0.5906288532675709|0.2621359223300971)
(0.5912453760789149|0.2621359223300971)
(0.591861898890259|0.2621359223300971)
(0.593094944512947|0.2621359223300971)
(0.594327990135635|0.2621359223300971)
(0.594944512946979|0.2621359223300971)
(0.5955610357583231|0.2621359223300971)
(0.5967940813810111|0.2621359223300971)
(0.5974106041923551|0.2621359223300971)
(0.5980271270036991|0.2621359223300971)
(0.5986436498150431|0.2621359223300971)
(0.5998766954377311|0.2621359223300971)
(0.6004932182490752|0.2621359223300971)
(0.6017262638717632|0.2621359223300971)
(0.6029593094944513|0.2901833872707659)
(0.6035758323057954|0.2745415318230852)
(0.6048088779284834|0.2745415318230852)
(0.6060419235511714|0.2745415318230852)
(0.6066584463625154|0.2745415318230852)
(0.6078914919852034|0.2745415318230852)
(0.6091245376078915|0.2745415318230852)
(0.6097410604192355|0.2745415318230852)
(0.6103575832305795|0.2745415318230852)
(0.6115906288532675|0.2745415318230852)
(0.6122071516646116|0.2632146709816613)
(0.6134401972872996|0.2632146709816613)
(0.6146732429099877|0.28047464940668826)
(0.6152897657213316|0.26375404530744334)
(0.6159062885326757|0.2691477885652643)
(0.6171393341553637|0.2691477885652643)
(0.6177558569667078|0.2691477885652643)
(0.6183723797780518|0.2664509169363538)
(0.6196054254007398|0.2664509169363538)
(0.6208384710234278|0.2664509169363538)
(0.6220715166461159|0.26375404530744334)
(0.6226880394574599|0.26375404530744334)
(0.6233045622688039|0.26375404530744334)
(0.623921085080148|0.26375404530744334)
(0.625154130702836|0.26375404530744334)
(0.6263871763255241|0.26375404530744334)
(0.627003699136868|0.2810140237324703)
(0.6282367447595562|0.26429341963322545)
(0.6288532675709001|0.26429341963322545)
(0.6300863131935882|0.26429341963322545)
(0.6307028360049322|0.26429341963322545)
(0.6319358816276203|0.26429341963322545)
(0.6325524044389642|0.26429341963322545)
(0.6337854500616523|0.26429341963322545)
(0.6344019728729963|0.26429341963322545)
(0.6356350184956844|0.26429341963322545)
(0.6362515413070283|0.26429341963322545)
(0.6368680641183724|0.26429341963322545)
(0.6381011097410604|0.26429341963322545)
(0.6393341553637485|0.2815533980582524)
(0.6405672009864365|0.2815533980582524)
(0.6411837237977805|0.2815533980582524)
(0.6418002466091245|0.2815533980582524)
(0.6424167694204685|0.2815533980582524)
(0.6436498150431565|0.2815533980582524)
(0.6442663378545006|0.2815533980582524)
(0.6454993834771886|0.2815533980582524)
(0.6461159062885327|0.26483279395900755)
(0.6473489519112207|0.26483279395900755)
(0.6479654747225647|0.2820927723840345)
(0.6485819975339088|0.2820927723840345)
(0.6498150431565968|0.26537216828478966)
(0.6510480887792849|0.2826321467098166)
(0.6516646115906288|0.2826321467098166)
(0.6528976572133169|0.2826321467098166)
(0.6535141800246609|0.27993527508090615)
(0.6541307028360049|0.27993527508090615)
(0.654747225647349|0.2766990291262136)
(0.655980271270037|0.2766990291262136)
(0.657213316892725|0.2766990291262136)
(0.657829839704069|0.28317152103559873)
(0.659062885326757|0.2664509169363538)
(0.6596794081381011|0.2664509169363538)
(0.6602959309494452|0.2664509169363538)
(0.6615289765721332|0.2664509169363538)
(0.6621454993834772|0.2837108953613808)
(0.6627620221948212|0.2837108953613808)
(0.6639950678175093|0.2669902912621359)
(0.6652281134401973|0.2669902912621359)
(0.6658446362515413|0.2669902912621359)
(0.6670776818742293|0.2669902912621359)
(0.6676942046855734|0.2669902912621359)
(0.6689272503082614|0.2669902912621359)
(0.6695437731196054|0.2669902912621359)
(0.6707768187422934|0.2669902912621359)
(0.6713933415536375|0.2669902912621359)
(0.6726263871763255|0.2669902912621359)
(0.6738594327990136|0.2669902912621359)
(0.6744759556103576|0.2842502696871629)
(0.6757090012330457|0.2842502696871629)
(0.6763255240443896|0.2993527508090615)
(0.6769420468557337|0.2993527508090615)
(0.6781750924784217|0.2993527508090615)
(0.6787916152897657|0.2993527508090615)
(0.6794081381011098|0.2842502696871629)
(0.6806411837237978|0.267529665587918)
(0.6812577065351418|0.267529665587918)
(0.6824907521578298|0.267529665587918)
(0.6831072749691739|0.267529665587918)
(0.6837237977805178|0.267529665587918)
(0.684956843403206|0.267529665587918)
(0.6855733662145499|0.267529665587918)
(0.686189889025894|0.267529665587918)
(0.687422934648582|0.267529665587918)
(0.6886559802712701|0.267529665587918)
(0.689272503082614|0.267529665587918)
(0.6905055487053021|0.2820927723840345)
(0.6911220715166461|0.2783171521035599)
(0.6917385943279901|0.2783171521035599)
(0.6929716399506781|0.267529665587918)
(0.6935881627620222|0.267529665587918)
(0.6948212083847103|0.267529665587918)
(0.6954377311960542|0.267529665587918)
(0.6966707768187423|0.267529665587918)
(0.6979038224414303|0.267529665587918)
(0.6985203452527744|0.267529665587918)
(0.6997533908754624|0.267529665587918)
(0.7009864364981504|0.267529665587918)
(0.7022194821208385|0.267529665587918)
(0.7028360049321825|0.267529665587918)
(0.7040690505548706|0.267529665587918)
(0.7046855733662145|0.267529665587918)
(0.7059186189889026|0.267529665587918)
(0.7065351418002466|0.267529665587918)
(0.7071516646115906|0.267529665587918)
(0.7083847102342786|0.267529665587918)
(0.7096177558569667|0.267529665587918)
(0.7102342786683107|0.267529665587918)
(0.7108508014796547|0.267529665587918)
(0.7120838471023427|0.267529665587918)
(0.7133168927250308|0.267529665587918)
(0.7139334155363748|0.2820927723840345)
(0.7145499383477188|0.24919093851132687)
(0.7151664611590629|0.24919093851132687)
(0.7163995067817509|0.24919093851132687)
(0.717632552404439|0.238403451995685)
(0.718249075215783|0.238403451995685)
(0.7194821208384711|0.238403451995685)
(0.720098643649815|0.238403451995685)
(0.7213316892725031|0.238403451995685)
(0.7219482120838471|0.238403451995685)
(0.7225647348951911|0.238403451995685)
(0.7237977805178791|0.238403451995685)
(0.7250308261405672|0.238403451995685)
(0.7256473489519112|0.238403451995685)
(0.7268803945745993|0.2680690399137001)
(0.7281134401972873|0.2680690399137001)
(0.7293464858199753|0.2680690399137001)
(0.7299630086313194|0.238403451995685)
(0.7311960542540074|0.238403451995685)
(0.7318125770653514|0.238403451995685)
(0.7330456226880394|0.238403451995685)
(0.7342786683107275|0.238403451995685)
(0.7348951911220715|0.238403451995685)
(0.7355117139334155|0.238403451995685)
(0.7361282367447596|0.238403451995685)
(0.7373612823674476|0.238403451995685)
(0.7385943279901356|0.238403451995685)
(0.7398273736128237|0.238403451995685)
(0.7404438964241677|0.238403451995685)
(0.7410604192355117|0.238403451995685)
(0.7422934648581998|0.238403451995685)
(0.7435265104808878|0.238403451995685)
(0.7447595561035758|0.238403451995685)
(0.7447595561035758|0.238403451995685)
(0.7459926017262639|0.238403451995685)
(0.7472256473489519|0.238403451995685)
(0.747842170160296|0.238403451995685)
(0.7484586929716399|0.238403451995685)
(0.749691738594328|0.238403451995685)
(0.750924784217016|0.2535059331175836)
(0.752157829839704|0.2535059331175836)
(0.7527743526510481|0.2535059331175836)
(0.7533908754623921|0.25026968716289105)
(0.7546239210850801|0.2389428263214671)
(0.7558569667077681|0.2389428263214671)
(0.7564734895191122|0.2389428263214671)
(0.7577065351418002|0.2389428263214671)
(0.7589395807644883|0.2389428263214671)
(0.7595561035758323|0.2389428263214671)
(0.7607891491985204|0.25620280474649404)
(0.7620221948212084|0.25620280474649404)
(0.7626387176325524|0.25620280474649404)
(0.7638717632552404|0.25620280474649404)
(0.7651048088779285|0.2524271844660194)
(0.7657213316892725|0.2524271844660194)
(0.7663378545006165|0.2524271844660194)
(0.7669543773119606|0.2524271844660194)
(0.7675709001233045|0.24002157497303128)
(0.7688039457459926|0.24002157497303128)
(0.7694204685573366|0.24002157497303128)
(0.7700369913686806|0.24002157497303128)
(0.7712700369913686|0.24002157497303128)
(0.7718865598027127|0.24002157497303128)
(0.7731196054254007|0.24002157497303128)
(0.7743526510480888|0.24002157497303128)
(0.7749691738594328|0.24002157497303128)
(0.7762022194821209|0.24002157497303128)
(0.7768187422934648|0.24002157497303128)
(0.7780517879161529|0.24002157497303128)
(0.7786683107274969|0.24002157497303128)
(0.779901356350185|0.24002157497303128)
(0.7805178791615289|0.24002157497303128)
(0.781134401972873|0.24002157497303128)
(0.782367447595561|0.24002157497303128)
(0.782983970406905|0.24002157497303128)
(0.7842170160295932|0.24002157497303128)
(0.7848335388409371|0.24002157497303128)
(0.7860665844636252|0.24002157497303128)
(0.7866831072749692|0.24002157497303128)
(0.7872996300863132|0.25620280474649404)
(0.7879161528976573|0.25620280474649404)
(0.7885326757090012|0.24973031283710895)
(0.7897657213316893|0.24002157497303128)
(0.7909987669543773|0.24002157497303128)
(0.7916152897657214|0.24002157497303128)
(0.7922318125770653|0.24002157497303128)
(0.7934648581997534|0.24002157497303128)
(0.7946979038224414|0.24002157497303128)
(0.7953144266337855|0.24002157497303128)
(0.7959309494451294|0.24002157497303128)
(0.7971639950678175|0.24002157497303128)
(0.7983970406905055|0.25728155339805825)
(0.7990135635018496|0.2405609492988134)
(0.7996300863131935|0.2405609492988134)
(0.8008631319358817|0.24110032362459546)
(0.8014796547472256|0.24541531823085222)
(0.8020961775585697|0.24541531823085222)
(0.8033292231812577|0.24110032362459546)
(0.8045622688039458|0.24110032362459546)
(0.8051787916152897|0.24110032362459546)
(0.8064118372379778|0.24110032362459546)
(0.8070283600493219|0.24110032362459546)
(0.8076448828606658|0.24110032362459546)
(0.8088779284833539|0.24110032362459546)
(0.8094944512946979|0.24110032362459546)
(0.810727496917386|0.24110032362459546)
(0.8113440197287299|0.24110032362459546)
(0.812577065351418|0.24110032362459546)
(0.813810110974106|0.24110032362459546)
(0.8144266337854501|0.24110032362459546)
(0.815043156596794|0.24110032362459546)
(0.8162762022194822|0.24110032362459546)
(0.8168927250308261|0.24110032362459546)
(0.8175092478421702|0.24110032362459546)
(0.8187422934648582|0.24110032362459546)
(0.8199753390875463|0.24110032362459546)
(0.8205918618988902|0.24110032362459546)
(0.8236744759556104|0.24110032362459546)
(0.8236744759556104|0.24110032362459546)
(0.8236744759556104|0.25836030204962246)
(0.8242909987669543|0.25782092772384035)
(0.8255240443896424|0.25782092772384035)
(0.8255240443896424|0.25782092772384035)
(0.8267570900123304|0.24973031283710895)
(0.8273736128236745|0.24973031283710895)
(0.8292231812577066|0.2761596548004315)
(0.8310727496917386|0.2761596548004315)
(0.8323057953144266|0.2594390507011866)
(0.8335388409371147|0.2594390507011866)
(0.8353884093711468|0.24271844660194175)
(0.8353884093711468|0.24271844660194175)
(0.8390875462392109|0.24271844660194175)
(0.8390875462392109|0.24271844660194175)
(0.8390875462392109|0.2518878101402373)
(0.8397040690505548|0.2518878101402373)
(0.8403205918618989|0.24271844660194175)
(0.840937114673243|0.24271844660194175)
(0.842170160295931|0.2772384034519957)
(0.843403205918619|0.2664509169363538)
(0.8446362515413071|0.2664509169363538)
(0.8458692971639951|0.2664509169363538)
(0.8464858199753391|0.2621359223300971)
(0.8471023427866831|0.2621359223300971)
(0.8483353884093712|0.2621359223300971)
(0.8495684340320592|0.2621359223300971)
(0.8495684340320592|0.27939590075512405)
(0.8508014796547472|0.27939590075512405)
(0.8514180024660912|0.27939590075512405)
(0.8526510480887793|0.27939590075512405)
(0.8532675709001233|0.27939590075512405)
(0.8538840937114673|0.27939590075512405)
(0.8551171393341553|0.2632146709816613)
(0.8557336621454994|0.2632146709816613)
(0.8563501849568435|0.2632146709816613)
(0.8575832305795315|0.2632146709816613)
(0.8588162762022195|0.2632146709816613)
(0.8600493218249076|0.2632146709816613)
(0.8612823674475956|0.2632146709816613)
(0.8618988902589396|0.2777777777777778)
(0.8631319358816276|0.2777777777777778)
(0.8637484586929717|0.2761596548004315)
(0.8643649815043156|0.2761596548004315)
(0.8655980271270037|0.2632146709816613)
(0.8668310727496917|0.2632146709816613)
(0.8674475955610358|0.2632146709816613)
(0.8680641183723797|0.2632146709816613)
(0.8686806411837238|0.2632146709816613)
(0.8699136868064118|0.2632146709816613)
(0.8705302096177558|0.2632146709816613)
(0.8717632552404438|0.2632146709816613)
(0.8723797780517879|0.2632146709816613)
(0.872996300863132|0.2632146709816613)
(0.87422934648582|0.2632146709816613)
(0.874845869297164|0.2912621359223301)
(0.876078914919852|0.2766990291262136)
(0.8773119605425401|0.2766990291262136)
(0.8785450061652281|0.2766990291262136)
(0.8791615289765722|0.2766990291262136)
(0.8803945745992602|0.2766990291262136)
(0.8810110974106042|0.2766990291262136)
(0.8816276202219482|0.2766990291262136)
(0.8828606658446363|0.2766990291262136)
(0.8834771886559802|0.2632146709816613)
(0.8847102342786684|0.2632146709816613)
(0.8853267570900123|0.2632146709816613)
(0.8859432799013564|0.28047464940668826)
(0.8871763255240444|0.28047464940668826)
(0.8877928483353884|0.26375404530744334)
(0.8890258939580764|0.26375404530744334)
(0.8896424167694205|0.26375404530744334)
(0.8902589395807645|0.2810140237324703)
(0.8914919852034525|0.26429341963322545)
(0.8921085080147966|0.26429341963322545)
(0.8933415536374846|0.26429341963322545)
(0.8945745992601726|0.26429341963322545)
(0.8958076448828607|0.26429341963322545)
(0.8964241676942046|0.26429341963322545)
(0.8976572133168927|0.26429341963322545)
(0.8982737361282368|0.27885652642934194)
(0.8988902589395807|0.27885652642934194)
(0.8995067817509248|0.27885652642934194)
(0.9007398273736128|0.284789644012945)
(0.9013563501849569|0.284789644012945)
(0.9025893958076449|0.2815533980582524)
(0.9032059186189889|0.2815533980582524)
(0.903822441430333|0.26483279395900755)
(0.905055487053021|0.26483279395900755)
(0.906288532675709|0.26483279395900755)
(0.9075215782983971|0.26483279395900755)
(0.9087546239210851|0.2820927723840345)
(0.9093711467324291|0.2820927723840345)
(0.9099876695437731|0.2820927723840345)
(0.9106041923551171|0.2820927723840345)
(0.9118372379778051|0.2820927723840345)
(0.9124537607891492|0.2707659115426106)
(0.9136868064118372|0.2707659115426106)
(0.9143033292231812|0.26537216828478966)
(0.9149198520345253|0.26537216828478966)
(0.9161528976572133|0.26537216828478966)
(0.9167694204685574|0.26537216828478966)
(0.9180024660912454|0.26591154261057176)
(0.9192355117139334|0.26591154261057176)
(0.9198520345252774|0.26591154261057176)
(0.9204685573366215|0.26591154261057176)
(0.9210850801479655|0.26591154261057176)
(0.9223181257706535|0.26591154261057176)
(0.9229346485819976|0.26591154261057176)
(0.9241676942046856|0.28317152103559873)
(0.9254007398273736|0.2664509169363538)
(0.9260172626387176|0.2664509169363538)
(0.9266337854500617|0.2664509169363538)
(0.9272503082614056|0.2664509169363538)
(0.9284833538840938|0.2664509169363538)
(0.9290998766954377|0.2664509169363538)
(0.9297163995067818|0.2664509169363538)
(0.9309494451294698|0.2664509169363538)
(0.9321824907521579|0.2664509169363538)
(0.9334155363748459|0.2664509169363538)
(0.9340320591861899|0.2664509169363538)
(0.9352651048088779|0.2664509169363538)
(0.935881627620222|0.2777777777777778)
(0.93711467324291|0.2686084142394822)
(0.938347718865598|0.2686084142394822)
(0.938964241676942|0.2858683926645092)
(0.94019728729963|0.2837108953613808)
(0.9408138101109741|0.2837108953613808)
(0.9420468557336621|0.2837108953613808)
(0.9426633785450061|0.2669902912621359)
(0.9438964241676943|0.2669902912621359)
(0.9445129469790382|0.2669902912621359)
(0.9457459926017263|0.2669902912621359)
(0.9463625154130703|0.2669902912621359)
(0.9475955610357584|0.2669902912621359)
(0.9488286066584464|0.2669902912621359)
(0.9494451294697904|0.2998921251348436)
(0.9506781750924784|0.2998921251348436)
(0.9512946979038225|0.2837108953613808)
(0.9525277435265105|0.2669902912621359)
(0.9531442663378545|0.2669902912621359)
(0.9543773119605425|0.2669902912621359)
(0.9556103575832305|0.2842502696871629)
(0.9562268803945746|0.2842502696871629)
(0.9574599260172626|0.2842502696871629)
(0.9580764488286067|0.267529665587918)
(0.9593094944512947|0.267529665587918)
(0.9599260172626387|0.267529665587918)
(0.9611590628853267|0.267529665587918)
(0.9617755856966708|0.267529665587918)
(0.9630086313193588|0.267529665587918)
(0.9636251541307028|0.267529665587918)
(0.9648581997533908|0.267529665587918)
(0.9660912453760789|0.267529665587918)
(0.966707768187423|0.267529665587918)
(0.967940813810111|0.284789644012945)
(0.969173859432799|0.2680690399137001)
(0.969790382244143|0.2680690399137001)
(0.971023427866831|0.2680690399137001)
(0.9716399506781751|0.2680690399137001)
(0.9722564734895192|0.2842502696871629)
(0.9728729963008631|0.2842502696871629)
(0.9741060419235512|0.2842502696871629)
(0.9753390875462392|0.30151024811218985)
(0.9765721331689272|0.2686084142394822)
(0.9771886559802713|0.2686084142394822)
(0.9784217016029593|0.2686084142394822)
(0.9796547472256474|0.2686084142394822)
(0.9808877928483354|0.2686084142394822)
(0.9815043156596794|0.2686084142394822)
(0.9827373612823674|0.2686084142394822)
(0.9839704069050554|0.2686084142394822)
(0.9845869297163995|0.2686084142394822)
(0.9852034525277436|0.2686084142394822)
(0.9870530209617756|0.2820927723840345)
(0.9876695437731196|0.2820927723840345)
(0.9882860665844636|0.2686084142394822)
(0.9895191122071517|0.2686084142394822)
(0.9901356350184957|0.2686084142394822)
(0.9913686806411838|0.2686084142394822)
(0.9926017262638718|0.2686084142394822)
(0.9932182490752158|0.2686084142394822)
(0.9944512946979038|0.2686084142394822)
(0.9956843403205918|0.2686084142394822)
(0.9963008631319359|0.2686084142394822)
(0.9969173859432799|0.2686084142394822)
(0.9981504315659679|0.2686084142394822)
(0.998766954377312|0.2686084142394822)
(0.9993834771886559|0.2686084142394822)
(1.0|0.2686084142394822)
