(0.0|354.01953125)
(1.0|354.37890625)
(3.0|358.00390625)
(4.0|358.08203125)
(6.0|357.3671875)
(8.0|357.4921875)
(9.0|357.39453125)
(10.0|357.359375)
(11.0|357.359375)
(12.0|357.359375)
(14.0|357.48046875)
(16.0|357.52734375)
(17.0|357.52734375)
(19.0|357.65625)
(21.0|357.77734375)
(23.0|358.02734375)
(24.0|358.02734375)
(26.0|358.0234375)
(27.0|358.0234375)
(29.0|358.1484375)
(30.0|358.14453125)
(32.0|358.26953125)
(34.0|358.34765625)
(36.0|358.46875)
(37.0|358.46875)
(39.0|358.6875)
(40.0|358.80859375)
(42.0|358.80859375)
(44.0|359.05859375)
(45.0|359.18359375)
(47.0|359.18359375)
(49.0|359.39453125)
(50.0|359.46484375)
(52.0|359.46484375)
(53.0|359.58984375)
(55.0|359.5859375)
(56.0|359.5859375)
(58.0|359.7109375)
(59.0|359.7109375)
(60.0|359.70703125)
(62.0|359.70703125)
(64.0|359.84765625)
(65.0|359.96875)
(66.0|359.96875)
(68.0|359.96875)
(69.0|360.08984375)
(71.0|360.0859375)
(73.0|360.16796875)
(75.0|360.2890625)
(76.0|360.2890625)
(78.0|360.2890625)
(80.0|360.28515625)
(81.0|360.41015625)
(82.0|360.53515625)
(83.0|360.62109375)
(85.0|360.6171875)
(87.0|360.6171875)
(88.0|360.7421875)
(89.0|360.7421875)
(90.0|360.86328125)
(92.0|360.86328125)
(93.0|360.86328125)
(94.0|360.86328125)
(95.0|360.859375)
(97.0|360.859375)
(98.0|361.109375)
(99.0|361.109375)
(100.0|361.10546875)
(102.0|361.10546875)
(103.0|361.10546875)
(105.0|361.3125)
(107.0|361.3125)
(108.0|361.3125)
(110.0|365.05859375)
(111.0|365.18359375)
(112.0|365.18359375)
(114.0|365.18359375)
(115.0|365.1796875)
(116.0|365.41796875)
(118.0|365.41796875)
(119.0|365.54296875)
(121.0|365.5390625)
(123.0|365.5390625)
(124.0|365.5390625)
(126.0|365.66015625)
(127.0|365.66015625)
(129.0|365.91015625)
(130.0|366.03125)
(132.0|366.03125)
(133.0|366.06640625)
(135.0|366.1875)
(137.0|366.1875)
(138.0|366.1875)
(140.0|366.3125)
(141.0|366.30859375)
(143.0|371.20703125)
(144.0|371.33203125)
(145.0|371.328125)
(147.0|366.5859375)
(148.0|366.5859375)
(149.0|366.68359375)
(151.0|366.6796875)
(152.0|366.8046875)
(154.0|366.734375)
(155.0|366.85546875)
(156.0|366.85546875)
(157.0|366.85546875)
(158.0|366.98046875)
(160.0|367.1015625)
(161.0|367.1015625)
(163.0|367.1015625)
(165.0|367.265625)
(166.0|367.265625)
(168.0|367.265625)
(169.0|367.265625)
(170.0|367.26171875)
(172.0|367.38671875)
(174.0|367.38671875)
(175.0|367.5)
(177.0|367.5)
(179.0|367.625)
(180.0|367.62109375)
(182.0|367.78125)
(183.0|367.78125)
(184.0|367.78125)
(185.0|367.77734375)
(187.0|368.01953125)
(188.0|375.4453125)
(189.0|375.5703125)
(191.0|372.12890625)
(193.0|372.16015625)
(194.0|372.28125)
(195.0|372.27734375)
(197.0|372.27734375)
(198.0|372.27734375)
(199.0|372.40234375)
(200.0|372.3984375)
(202.0|372.3984375)
(203.0|372.5234375)
(205.0|372.51953125)
(206.0|372.54296875)
(207.0|372.66796875)
(209.0|372.5703125)
(210.0|372.69140625)
(211.0|372.69140625)
(212.0|372.69140625)
(214.0|372.69140625)
(216.0|372.8125)
(217.0|372.9375)
(218.0|373.0625)
(220.0|373.05859375)
(221.0|373.18359375)
(223.0|373.18359375)
(225.0|373.08203125)
(226.0|373.328125)
(227.0|373.328125)
(229.0|373.328125)
(230.0|373.44921875)
(232.0|373.44921875)
(234.0|373.57421875)
(235.0|373.6953125)
(236.0|373.6953125)
(238.0|373.765625)
(239.0|373.765625)
(241.0|375.76171875)
(242.0|375.76171875)
(244.0|388.20703125)
(246.0|388.203125)
(248.0|381.07421875)
(249.0|381.07421875)
(251.0|381.1953125)
(253.0|376.40625)
(255.0|376.40234375)
(257.0|376.40234375)
(258.0|376.40234375)
(259.0|376.40234375)
(261.0|376.39453125)
(262.0|376.64453125)
(263.0|376.76953125)
(265.0|376.78515625)
(266.0|376.78515625)
(268.0|376.78515625)
(269.0|376.78515625)
(271.0|376.90625)
(272.0|376.90625)
(274.0|376.90625)
(276.0|377.02734375)
(277.0|377.02734375)
(278.0|377.02734375)
(280.0|377.3984375)
(281.0|377.3984375)
(282.0|377.3984375)
(283.0|377.3984375)
(285.0|377.5)
(286.0|377.625)
(288.0|377.625)
(289.0|377.625)
(290.0|377.62109375)
(292.0|377.6015625)
(294.0|377.7265625)
(296.0|377.84765625)
(297.0|377.72265625)
(299.0|377.87109375)
(301.0|377.91015625)
(302.0|377.91015625)
(303.0|377.91015625)
(305.0|378.03125)
(306.0|378.03125)
(308.0|378.08203125)
(309.0|378.1015625)
(311.0|378.22265625)
(313.0|378.21875)
(314.0|380.21484375)
(316.0|380.2109375)
(317.0|380.3046875)
(319.0|380.3046875)
(321.0|380.42578125)
(322.0|380.42578125)
(323.0|380.42578125)
(324.0|380.50390625)
(326.0|380.5)
(327.0|380.5)
(328.0|380.5)
(330.0|380.625)
(331.0|380.75)
(332.0|380.75)
(333.0|380.75)
(335.0|380.75)
(336.0|380.87109375)
(338.0|380.87109375)
(339.0|382.484375)
(340.0|382.48046875)
(342.0|382.48046875)
(344.0|382.60546875)
(345.0|382.74609375)
(347.0|382.74609375)
(349.0|382.74609375)
(350.0|382.8671875)
(351.0|382.8671875)
(353.0|382.8671875)
(355.0|382.95703125)
(356.0|382.95703125)
(357.0|382.95703125)
(358.0|382.95703125)
(360.0|383.078125)
(361.0|383.078125)
(362.0|383.078125)
(364.0|383.078125)
(365.0|383.19921875)
(366.0|383.1796875)
(368.0|383.33203125)
(370.0|383.35546875)
(372.0|383.35546875)
(374.0|383.3515625)
(375.0|383.47265625)
(377.0|383.47265625)
(378.0|383.47265625)
(379.0|383.7109375)
(381.0|383.70703125)
(382.0|383.83203125)
(384.0|383.83203125)
(385.0|383.828125)
(387.0|383.953125)
(389.0|384.078125)
(390.0|384.07421875)
(391.0|384.07421875)
(392.0|382.6015625)
(394.0|382.7265625)
(395.0|382.84765625)
(397.0|382.84765625)
(398.0|382.91796875)
(400.0|382.9140625)
(402.0|383.0390625)
(404.0|383.1640625)
(405.0|383.26171875)
(407.0|383.26171875)
(409.0|383.26171875)
(410.0|383.2578125)
(411.0|383.3828125)
(413.0|383.3828125)
(414.0|383.3828125)
(416.0|383.50390625)
(417.0|383.5859375)
(419.0|383.5859375)
(420.0|383.625)
(422.0|383.625)
(423.0|383.625)
(425.0|383.703125)
(426.0|383.703125)
(427.0|383.828125)
(429.0|385.08984375)
(430.0|383.82421875)
(432.0|383.94921875)
(434.0|383.9453125)
(435.0|383.94140625)
(437.0|383.94140625)
(438.0|384.06640625)
(439.0|385.9140625)
(441.0|386.03515625)
(443.0|386.03515625)
(444.0|386.09765625)
(446.0|386.09375)
(447.0|386.21875)
(449.0|388.11328125)
(451.0|388.234375)
(453.0|388.234375)
(455.0|388.23046875)
(456.0|388.48046875)
(458.0|388.48046875)
(459.0|392.48046875)
(460.0|392.4765625)
(462.0|392.6015625)
(463.0|392.6015625)
(465.0|392.6328125)
(466.0|392.640625)
(467.0|392.765625)
(468.0|392.765625)
(470.0|392.76171875)
(472.0|392.88671875)
(473.0|392.953125)
(474.0|392.953125)
(475.0|392.94921875)
(477.0|393.03515625)
(478.0|393.03515625)
(480.0|393.03125)
(481.0|393.03125)
(483.0|393.03125)
(484.0|393.15625)
(486.0|393.27734375)
(487.0|393.27734375)
(489.0|393.27734375)
(490.0|393.2734375)
(491.0|393.2734375)
(493.0|393.39453125)
(494.0|393.51953125)
(496.0|393.515625)
(498.0|393.515625)
(500.0|393.63671875)
(501.0|393.63671875)
(502.0|393.63671875)
(503.0|393.63671875)
(505.0|393.6328125)
(507.0|393.6328125)
(508.0|393.7578125)
(510.0|393.875)
(511.0|393.875)
(513.0|393.875)
(514.0|393.875)
(515.0|393.87109375)
(516.0|393.99609375)
(518.0|393.99609375)
(520.0|394.1171875)
(522.0|394.1171875)
(523.0|394.1171875)
(524.0|394.2421875)
(526.0|394.23046875)
(527.0|394.35546875)
(528.0|394.35546875)
(530.0|394.3515625)
(532.0|394.4765625)
(533.0|394.4765625)
(535.0|394.38671875)
(536.0|394.51171875)
(538.0|394.63671875)
(540.0|394.6328125)
(541.0|394.6328125)
(543.0|394.7578125)
(544.0|394.8671875)
(546.0|394.98828125)
(547.0|394.98828125)
(549.0|394.98828125)
(550.0|394.984375)
(551.0|395.109375)
(553.0|395.109375)
(554.0|395.23046875)
(556.0|395.2265625)
(558.0|395.2265625)
(559.0|395.2265625)
(560.0|395.34765625)
(562.0|395.34765625)
(564.0|395.4140625)
(565.0|395.41015625)
(567.0|395.41015625)
(568.0|395.41015625)
(570.0|395.53125)
(571.0|395.65625)
(573.0|395.65625)
(574.0|395.65625)
(576.0|395.73046875)
(577.0|395.85546875)
(579.0|395.74609375)
(580.0|395.75390625)
(582.0|395.87890625)
(584.0|395.87890625)
(585.0|395.94921875)
(586.0|396.07421875)
(588.0|396.07421875)
(589.0|396.07421875)
(591.0|396.0703125)
(593.0|396.1953125)
(594.0|396.1953125)
(595.0|396.19140625)
(597.0|396.31640625)
(599.0|396.35546875)
(600.0|396.3515625)
(602.0|396.3515625)
(604.0|396.42578125)
(605.0|396.546875)
(606.0|396.546875)
(608.0|396.546875)
(609.0|396.546875)
(611.0|396.54296875)
(612.0|396.66796875)
(613.0|396.7890625)
(615.0|396.78515625)
(617.0|396.91015625)
(619.0|397.03515625)
(620.0|397.03125)
(622.0|397.11328125)
(623.0|397.11328125)
(624.0|397.23828125)
(626.0|397.078125)
(628.0|397.0)
(629.0|397.125)
(630.0|397.12109375)
(632.0|397.24609375)
(634.0|397.24609375)
(636.0|397.3203125)
(637.0|397.3203125)
(639.0|397.3203125)
(640.0|397.31640625)
(641.0|397.44140625)
(642.0|397.44140625)
(644.0|397.56640625)
(645.0|397.65234375)
(647.0|397.65234375)
(648.0|397.65234375)
(650.0|397.6484375)
(652.0|397.7734375)
(653.0|397.7734375)
(655.0|397.76953125)
(656.0|397.76953125)
(658.0|397.89453125)
(659.0|397.89453125)
(661.0|397.890625)
(663.0|398.0)
(664.0|398.0)
(666.0|398.12109375)
(668.0|398.12109375)
(670.0|398.2421875)
(671.0|398.2421875)
(673.0|398.23828125)
(675.0|398.234375)
(676.0|398.359375)
(677.0|398.359375)
(679.0|398.359375)
(681.0|398.48046875)
(682.0|398.48046875)
(684.0|398.48046875)
(685.0|398.4765625)
(687.0|398.6015625)
(688.0|398.6015625)
(690.0|398.72265625)
(691.0|398.72265625)
(693.0|398.72265625)
(694.0|398.72265625)
(695.0|398.84375)
(697.0|398.84375)
(699.0|398.96875)
(700.0|398.96484375)
(701.0|398.96484375)
(703.0|398.96484375)
(705.0|398.97265625)
(706.0|399.22265625)
(707.0|399.22265625)
(709.0|399.171875)
(710.0|399.29296875)
(712.0|399.29296875)
(713.0|399.41796875)
(714.0|399.43359375)
(716.0|399.4296875)
(717.0|399.4296875)
(718.0|399.4296875)
(720.0|399.42578125)
(722.0|399.55078125)
(723.0|399.55078125)
(724.0|399.55078125)
(726.0|399.671875)
(727.0|399.671875)
(729.0|399.796875)
(730.0|399.79296875)
(732.0|400.04296875)
(733.0|400.0390625)
(735.0|400.16015625)
(737.0|400.32421875)
(738.0|400.32421875)
(740.0|400.3203125)
(741.0|400.0390625)
(743.0|400.1640625)
(744.0|400.1640625)
(746.0|400.16015625)
(747.0|400.28515625)
(748.0|400.28515625)
(749.0|400.26171875)
(751.0|400.3828125)
(752.0|400.3828125)
(753.0|400.3828125)
(755.0|400.37890625)
(756.0|400.50390625)
(758.0|400.50390625)
(759.0|400.50390625)
(760.0|400.625)
(762.0|400.625)
(763.0|400.7109375)
(765.0|400.6953125)
(766.0|400.8203125)
(768.0|400.8203125)
(769.0|401.4375)
(771.0|401.43359375)
(772.0|401.43359375)
(774.0|401.55859375)
(775.0|401.6796875)
(776.0|401.6796875)
(778.0|401.6796875)
(779.0|401.6796875)
(781.0|401.80078125)
(782.0|401.80078125)
(783.0|401.80078125)
(785.0|401.796875)
(786.0|401.921875)
(788.0|401.921875)
(789.0|401.921875)
(791.0|402.04296875)
(792.0|402.04296875)
(793.0|402.0390625)
(795.0|402.16015625)
(796.0|402.16015625)
(798.0|402.16015625)
(800.0|402.28125)
(801.0|402.28125)
(803.0|402.28125)
(804.0|402.40625)
(806.0|402.40234375)
(808.0|402.40234375)
(809.0|402.40234375)
(811.0|402.6484375)
(813.0|402.6484375)
(814.0|402.6484375)
(815.0|402.64453125)
(817.0|402.64453125)
(819.0|402.64453125)
(821.0|402.890625)
(823.0|402.890625)
(824.0|402.890625)
(825.0|403.02734375)
(827.0|403.02734375)
(829.0|403.02734375)
(831.0|403.0234375)
(832.0|403.0234375)
(834.0|403.1484375)
(835.0|403.14453125)
(836.0|403.26953125)
(838.0|403.26953125)
(839.0|403.26953125)
(841.0|403.390625)
(843.0|403.390625)
(844.0|403.515625)
(845.0|403.51171875)
(847.0|403.63671875)
(848.0|403.63671875)
(850.0|403.67578125)
(851.0|403.92578125)
(853.0|404.0234375)
(854.0|404.0234375)
(856.0|404.14453125)
(857.0|404.14453125)
(859.0|404.14453125)
(860.0|404.265625)
(862.0|404.265625)
(864.0|404.265625)
(866.0|404.26171875)
(867.0|404.26171875)
(868.0|404.38671875)
(869.0|404.51171875)
(871.0|404.5078125)
(872.0|404.5078125)
(874.0|404.5078125)
(876.0|404.62890625)
(878.0|404.62890625)
(879.0|404.75390625)
(881.0|404.75)
(883.0|404.75)
(885.0|404.74609375)
(886.0|404.8515625)
(888.0|404.9765625)
(890.0|404.97265625)
(891.0|404.97265625)
(892.0|404.69140625)
(894.0|404.81640625)
(895.0|404.8125)
(897.0|404.9375)
(898.0|404.9375)
(900.0|404.93359375)
(902.0|404.93359375)
(903.0|405.05859375)
(905.0|405.19921875)
(906.0|405.19921875)
(907.0|405.19921875)
(909.0|405.19921875)
(911.0|405.3203125)
(912.0|405.3203125)
(914.0|405.44140625)
(915.0|405.4375)
(917.0|405.4375)
(919.0|405.4375)
(920.0|405.55859375)
(921.0|405.55859375)
(923.0|405.59765625)
(925.0|405.59375)
(927.0|405.79296875)
(928.0|405.79296875)
(930.0|405.7890625)
(931.0|405.7890625)
(933.0|405.7890625)
(934.0|405.9140625)
(935.0|405.91015625)
(937.0|405.91015625)
(938.0|406.03515625)
(940.0|405.98828125)
(942.0|406.11328125)
(944.0|406.11328125)
(945.0|406.1640625)
(947.0|406.2890625)
(949.0|406.2890625)
(951.0|406.31640625)
(952.0|406.31640625)
(953.0|406.44140625)
(955.0|406.4375)
(956.0|406.4375)
(957.0|406.4375)
(959.0|406.5234375)
(961.0|406.64453125)
(963.0|406.64453125)
(964.0|406.64453125)
(966.0|406.640625)
(967.0|406.75390625)
(969.0|406.87890625)
(971.0|406.9453125)
(973.0|406.9453125)
(974.0|406.94140625)
(975.0|407.1875)
(976.0|407.3125)
(978.0|407.3125)
(980.0|407.30859375)
(982.0|407.43359375)
(983.0|407.43359375)
(985.0|407.4296875)
(986.0|407.5546875)
(988.0|407.6796875)
(989.0|407.6796875)
(990.0|407.67578125)
(991.0|407.67578125)
(993.0|407.67578125)
(995.0|407.921875)
(996.0|407.921875)
(998.0|408.046875)
(999.0|408.046875)
(1001.0|408.04296875)
(1002.0|408.04296875)
(1004.0|408.16796875)
(1006.0|408.1484375)
(1008.0|408.2734375)
(1009.0|408.2734375)
(1011.0|408.26953125)
(1013.0|408.26953125)
(1014.0|408.51953125)
(1015.0|408.515625)
(1017.0|408.515625)
(1018.0|408.515625)
(1020.0|408.515625)
(1021.0|408.51171875)
(1023.0|408.63671875)
(1024.0|408.63671875)
(1025.0|408.7578125)
(1027.0|408.7578125)
(1029.0|408.7578125)
(1030.0|408.75390625)
(1031.0|408.75390625)
(1033.0|409.00390625)
(1034.0|409.0)
(1036.0|408.99609375)
(1038.0|408.99609375)
(1039.0|408.99609375)
(1040.0|408.9921875)
(1042.0|409.2421875)
(1043.0|409.2421875)
(1044.0|409.2421875)
(1046.0|409.23828125)
(1048.0|409.36328125)
(1050.0|409.359375)
(1051.0|409.359375)
(1053.0|409.359375)
(1055.0|409.48046875)
(1057.0|409.48046875)
(1058.0|409.60546875)
(1060.0|409.4921875)
(1061.0|409.6171875)
(1063.0|409.7421875)
(1064.0|409.7421875)
(1065.0|409.7265625)
(1066.0|409.8515625)
(1068.0|409.8515625)
(1070.0|409.97265625)
(1072.0|409.97265625)
(1073.0|409.97265625)
(1075.0|409.97265625)
(1076.0|409.953125)
(1078.0|410.078125)
(1080.0|410.07421875)
(1081.0|410.07421875)
(1082.0|410.07421875)
(1084.0|410.19921875)
(1085.0|410.1953125)
(1087.0|410.1953125)
(1088.0|410.3203125)
(1090.0|410.44140625)
(1092.0|410.44140625)
(1093.0|410.4375)
(1094.0|410.4375)
(1095.0|410.55859375)
(1097.0|410.55859375)
(1099.0|410.27734375)
(1100.0|410.3984375)
(1102.0|410.3984375)
(1104.0|410.3984375)
(1106.0|410.39453125)
(1107.0|410.51953125)
(1109.0|412.64453125)
(1110.0|412.640625)
(1111.0|412.640625)
(1113.0|412.765625)
(1115.0|414.76171875)
(1116.0|414.76171875)
(1117.0|414.76171875)
(1118.0|414.76171875)
(1120.0|416.8828125)
(1122.0|417.0078125)
(1123.0|419.0078125)
(1125.0|419.01171875)
(1127.0|419.13671875)
(1129.0|421.13671875)
(1131.0|421.13671875)
(1133.0|421.26171875)
(1134.0|423.26171875)
(1136.0|423.2578125)
(1137.0|423.2578125)
(1139.0|425.3828125)
(1140.0|429.62890625)
(1142.0|429.75390625)
(1143.0|429.75390625)
(1144.0|429.75390625)
(1146.0|429.875)
(1147.0|429.875)
(1148.0|429.875)
(1149.0|429.875)
(1150.0|429.99609375)
(1152.0|429.99609375)
(1153.0|429.9921875)
(1155.0|429.98828125)
(1156.0|429.98828125)
(1158.0|430.11328125)
(1159.0|430.23828125)
(1160.0|430.234375)
(1162.0|430.234375)
(1163.0|430.359375)
(1165.0|430.359375)
(1166.0|430.35546875)
(1167.0|430.35546875)
(1168.0|430.35546875)
(1169.0|430.48046875)
(1171.0|430.4765625)
(1172.0|430.4765625)
(1173.0|430.6015625)
(1175.0|430.59765625)
(1176.0|430.59765625)
(1177.0|430.59765625)
(1179.0|430.72265625)
(1180.0|430.71875)
(1182.0|430.84375)
(1184.0|430.84375)
(1186.0|430.98046875)
(1187.0|430.98046875)
(1188.0|430.98046875)
(1190.0|430.9765625)
(1191.0|430.9765625)
(1192.0|430.9765625)
(1194.0|431.125)
(1195.0|431.12109375)
(1196.0|431.12109375)
(1197.0|431.12109375)
(1199.0|430.9453125)
(1201.0|430.78515625)
(1202.0|430.78515625)
(1203.0|430.78515625)
(1205.0|430.82421875)
(1206.0|430.94921875)
(1208.0|430.94921875)
(1209.0|430.94921875)
(1211.0|430.9453125)
(1212.0|430.9453125)
(1213.0|431.06640625)
(1215.0|431.0625)
(1216.0|431.0625)
(1218.0|431.1875)
(1220.0|431.30859375)
(1222.0|431.30859375)
(1223.0|431.30859375)
(1225.0|431.3046875)
(1226.0|431.3046875)
(1228.0|431.4296875)
(1230.0|431.55078125)
(1231.0|431.58984375)
(1232.0|431.58984375)
(1233.0|431.58984375)
(1235.0|431.5859375)
(1236.0|431.7109375)
(1238.0|431.7109375)
(1239.0|431.7109375)
(1240.0|431.70703125)
(1242.0|431.83203125)
(1243.0|431.83203125)
(1245.0|431.7734375)
(1247.0|432.0234375)
(1248.0|432.0234375)
(1249.0|432.08203125)
(1251.0|432.078125)
(1253.0|432.078125)
(1254.0|432.078125)
(1256.0|432.19921875)
(1258.0|432.19921875)
(1259.0|432.19921875)
(1261.0|432.421875)
(1263.0|432.421875)
(1265.0|432.41796875)
(1267.0|432.41796875)
(1268.0|432.41796875)
(1269.0|432.41796875)
(1271.0|432.6796875)
(1272.0|432.6796875)
(1273.0|432.67578125)
(1275.0|432.671875)
(1277.0|432.796875)
(1278.0|432.796875)
(1279.0|433.05859375)
(1280.0|433.0546875)
(1281.0|433.0546875)
(1283.0|433.0546875)
(1284.0|433.125)
(1286.0|433.12109375)
(1287.0|433.12109375)
(1289.0|433.12109375)
(1291.0|433.1171875)
(1292.0|433.2421875)
(1294.0|433.2421875)
(1295.0|433.36328125)
(1297.0|433.36328125)
(1298.0|433.48828125)
(1300.0|433.48828125)
(1301.0|433.484375)
(1302.0|433.484375)
(1304.0|433.609375)
(1305.0|433.69921875)
(1307.0|433.69921875)
(1309.0|433.69921875)
(1311.0|433.6953125)
(1312.0|433.6953125)
(1313.0|433.6953125)
(1315.0|434.88671875)
(1317.0|435.01171875)
(1318.0|437.01171875)
(1320.0|438.796875)
(1322.0|438.796875)
(1324.0|440.796875)
(1325.0|440.91796875)
(1327.0|440.91796875)
(1329.0|441.04296875)
(1330.0|441.04296875)
(1331.0|443.0390625)
(1334.0|443.1640625)
(1336.0|443.16015625)
(1336.0|443.15625)
(1336.0|443.15625)
(1339.0|445.15625)
(1340.0|445.40234375)
(1342.0|445.40234375)
(1343.0|445.40234375)
(1348.0|447.40234375)
(1348.0|447.5234375)
(1349.0|447.5234375)
(1350.0|447.51953125)
(1353.0|447.64453125)
(1355.0|447.64453125)
(1360.0|449.40625)
(1361.0|449.40234375)
(1361.0|449.52734375)
(1363.0|451.52734375)
(1364.0|451.65234375)
(1366.0|451.72265625)
(1367.0|451.72265625)
(1368.0|451.7421875)
(1370.0|453.73828125)
(1371.0|453.73828125)
(1373.0|453.73828125)
(1375.0|453.859375)
(1376.0|453.98828125)
(1378.0|455.98828125)
(1380.0|455.984375)
(1381.0|455.984375)
(1382.0|457.984375)
(1384.0|457.984375)
(1385.0|458.23046875)
(1386.0|458.23046875)
(1388.0|460.23046875)
(1389.0|460.23046875)
(1391.0|460.2265625)
(1392.0|462.2265625)
(1393.0|462.4375)
(1395.0|462.43359375)
(1396.0|462.55859375)
(1398.0|464.55859375)
(1400.0|464.5546875)
(1401.0|464.5546875)
(1403.0|464.5546875)
(1404.0|466.6796875)
(1406.0|466.80078125)
(1408.0|468.80078125)
(1409.0|468.80078125)
(1411.0|468.796875)
(1412.0|470.796875)
(1414.0|471.046875)
(1415.0|471.04296875)
(1417.0|473.04296875)
(1418.0|473.04296875)
(1420.0|473.0390625)
(1422.0|473.1640625)
(1423.0|475.1640625)
(1424.0|475.07421875)
(1426.0|475.33984375)
(1428.0|477.33984375)
(1429.0|477.33984375)
(1430.0|477.3359375)
(1432.0|479.3359375)
(1434.0|479.4609375)
(1435.0|479.58203125)
(1436.0|479.58203125)
(1438.0|481.58203125)
(1439.0|481.58203125)
(1440.0|481.578125)
(1442.0|483.578125)
(1444.0|483.828125)
(1445.0|483.8359375)
(1447.0|485.8359375)
(1448.0|485.77734375)
(1450.0|485.8984375)
(1451.0|485.8984375)
(1452.0|488.0234375)
(1454.0|488.01953125)
(1456.0|488.015625)
(1458.0|490.015625)
(1459.0|490.140625)
(1461.0|490.26171875)
(1463.0|492.26171875)
(1464.0|492.26171875)
(1466.0|492.2578125)
(1468.0|494.3828125)
(1469.0|494.3828125)
(1471.0|494.37890625)
(1472.0|498.75390625)
(1474.0|498.75390625)
(1475.0|498.875)
(1477.0|499.0)
(1478.0|499.0)
(1480.0|498.99609375)
(1482.0|498.953125)
(1484.0|499.078125)
(1486.0|499.24609375)
(1487.0|499.24609375)
(1488.0|499.24609375)
(1489.0|499.24609375)
(1491.0|499.2421875)
(1492.0|498.9609375)
(1493.0|499.0859375)
(1495.0|499.08203125)
(1496.0|499.08203125)
(1498.0|499.08203125)
(1499.0|499.33203125)
(1500.0|499.3359375)
(1502.0|499.3359375)
(1503.0|499.3359375)
(1505.0|499.33203125)
(1506.0|499.33203125)
(1507.0|499.45703125)
(1509.0|499.45703125)
(1511.0|499.453125)
(1512.0|499.578125)
(1514.0|499.57421875)
(1515.0|499.6953125)
(1517.0|499.6953125)
(1518.0|499.6953125)
(1520.0|499.69140625)
(1521.0|499.81640625)
(1523.0|499.94140625)
(1524.0|499.94140625)
(1526.0|499.9375)
(1527.0|499.9375)
(1529.0|499.9375)
(1530.0|499.93359375)
(1532.0|500.05859375)
(1534.0|500.18359375)
(1535.0|500.1796875)
(1537.0|500.1796875)
(1538.0|500.1796875)
(1540.0|500.17578125)
(1541.0|500.30078125)
(1542.0|500.42578125)
(1544.0|500.42578125)
(1545.0|500.40625)
(1546.0|500.53125)
(1548.0|500.53125)
(1550.0|500.52734375)
(1551.0|500.52734375)
(1552.0|500.65234375)
(1553.0|500.65234375)
(1555.0|500.6484375)
(1556.0|500.6484375)
(1558.0|500.6484375)
(1559.0|500.7734375)
(1560.0|500.76953125)
(1562.0|500.89453125)
(1563.0|500.89453125)
(1565.0|501.015625)
(1567.0|501.0546875)
(1568.0|501.0546875)
(1570.0|501.05078125)
(1571.0|501.05078125)
(1573.0|501.1328125)
(1574.0|501.12890625)
(1575.0|501.25)
(1576.0|501.25)
(1578.0|501.25)
(1579.0|501.25)
(1581.0|501.24609375)
(1582.0|501.24609375)
(1583.0|501.37109375)
(1584.0|501.49609375)
(1586.0|501.4921875)
(1587.0|501.4921875)
(1588.0|501.4921875)
(1589.0|501.6171875)
(1591.0|501.61328125)
(1593.0|501.61328125)
(1594.0|501.73828125)
(1596.0|501.734375)
(1598.0|501.859375)
(1601.0|501.85546875)
(1602.0|501.85546875)
(1603.0|501.98046875)
(1605.0|502.00390625)
(1607.0|502.12890625)
(1608.0|502.12890625)
(1609.0|502.12890625)
(1611.0|502.125)
(1613.0|502.25)
(1614.0|502.25)
(1616.0|502.24609375)
(1618.0|502.24609375)
(1619.0|502.37109375)
(1620.0|502.4921875)
(1621.0|502.4921875)
(1622.0|502.4921875)
